1.000000000000000000e+00 0.000000000000000000e+00 0.000000000000000000e+00 0.000000000000000000e+00 0.000000000000000000e+00 1.000000000000000000e+00 0.000000000000000000e+00 0.000000000000000000e+00 0.000000000000000000e+00 0.000000000000000000e+00 1.000000000000000000e+00 0.000000000000000000e+00
9.999839779389666505e-01 -5.626490114590276988e-03 6.216706126693234257e-04 6.165244961920001154e-01 5.626683661449680997e-03 9.999841220318865798e-01 -3.100243393635463232e-04 -4.055093802112325757e-02 -6.199163929224470529e-04 3.135173160137691623e-04 9.999997587052500414e-01 1.480157382542463158e-02
9.999702204453725374e-01 -7.681406921485585751e-03 7.444529129321081047e-04 1.255201034535041282e+00 7.682178579597400900e-03 9.999699515554575369e-01 -1.039287470831024626e-03 -7.042997837118777915e-02 -7.364473533081847831e-04 1.044975541534259346e-03 9.999991828353728129e-01 1.200233452749453061e-02
9.999641491671161786e-01 -8.455775549644694786e-03 4.474822226150961392e-04 1.910668660197339275e+00 8.456722269377213094e-03 9.999619130684535007e-01 -2.157837097038797260e-03 -6.590865921973999841e-02 -4.292189932250581167e-04 2.161543969658780498e-03 9.999975717464133496e-01 1.163558467309335626e-02
9.999670416278513274e-01 -8.089124305896590664e-03 6.940648434051097364e-04 2.530037019092748363e+00 8.091640573872066824e-03 9.999604072318519776e-01 -3.702610097213697871e-03 -4.449611093527247596e-02 -6.640864901240556371e-04 3.708104188459987027e-03 9.999929044510571519e-01 1.706824437223046151e-02
9.999814644201541203e-01 -5.726543286966754784e-03 2.068216165330222928e-03 3.150454512554958786e+00 5.740493786402321025e-03 9.999603791767145422e-01 -6.803440883074244813e-03 -4.010383593034052424e-02 -2.029174022185776562e-03 6.815187359398544240e-03 9.999747175174200642e-01 2.611053726174028533e-02
9.999958291858336290e-01 -1.384840891142749900e-03 2.534526907179560258e-03 3.759392304452388256e+00 1.404913735862402518e-03 9.999675289621656749e-01 -7.935189896599647436e-03 -2.956789354812965759e-02 -2.523455633012670896e-03 7.938717592063024991e-03 9.999653038654199300e-01 3.107183065014887391e-02
9.999803014590393779e-01 5.558615902152515276e-03 2.915215796643931892e-03 4.355537549140982456e+00 -5.532021118072423180e-03 9.999437200304217566e-01 -9.052818018203722186e-03 -4.521555454408867497e-02 -2.965372866582862733e-03 9.036512655546410575e-03 9.999547729786524286e-01 3.073836804379274576e-02
9.999101400900295422e-01 1.270961395805533627e-02 4.263503040305301715e-03 4.954069378655429290e+00 -1.265589522812149946e-02 9.998430402994131772e-01 -1.239851123324554015e-02 -7.181856917209421265e-02 -4.420414133573808378e-03 1.234343865635947023e-02 9.999140460364702720e-01 2.847770942808996314e-02
9.998039235500002508e-01 1.931897397914499395e-02 4.346458146386253905e-03 5.541108374539574832e+00 -1.925114765972485778e-02 9.997000393999198042e-01 -1.514016306326767917e-02 -8.973490667692650413e-02 -4.637646796451720156e-03 1.505352012626892146e-02 9.998759341858365346e-01 3.003850860897797417e-02
9.996467145725181913e-01 2.629793581755974705e-02 3.855465744346315681e-03 6.117460085009656545e+00 -2.621870191202034864e-02 9.994692591164776596e-01 -1.933338437024945122e-02 -8.760279020013622686e-02 -4.361847592355804458e-03 1.922546886020451429e-02 9.998056589321178134e-01 4.516980591890518842e-02
9.994371102863806033e-01 3.337672862602419216e-02 3.384755328502201278e-03 6.660075332541202542e+00 -3.329821488720863948e-02 9.992232485324038516e-01 -2.107435592551202760e-02 -1.141235146106264753e-01 -4.085519273527392706e-03 2.094978707707131557e-02 9.997721815262170519e-01 4.628475959936304007e-02
9.991927628792010019e-01 4.007083909488996093e-02 2.854901760191473972e-03 7.214167505065090857e+00 -3.999928438070492892e-02 9.989618228740781980e-01 -2.180214872736870729e-02 -1.418079920713772035e-01 -3.725568260064540498e-03 2.167035519621791917e-02 9.997582286967231502e-01 5.197076733332821330e-02
9.989209038196034118e-01 4.640075711640564288e-02 1.999412726504818001e-03 7.736330142375410723e+00 -4.634402500140599040e-02 9.986710735782566850e-01 -2.254591192924483914e-02 -1.674579751018973883e-01 -3.042903037501357502e-03 2.242892188841316345e-02 9.997438092851727021e-01 4.657697098854429729e-02
9.986013371406857742e-01 5.285472766882946816e-02 1.321825967514167737e-03 8.240637105914824900e+00 -5.280662674802412415e-02 9.983047098902080307e-01 -2.447787536781895201e-02 -1.997715343503827234e-01 -2.613356525502194116e-03 2.437383790217469148e-02 9.996994980460823799e-01 6.264240794615946739e-02
9.982257114310497670e-01 5.949780950071379554e-02 2.332317000605099722e-03 8.757863453431035339e+00 -5.940932351330949907e-02 9.978400180452459134e-01 -2.803267142379307908e-02 -2.330476541468810558e-01 -3.995161782139970523e-03 2.784437200010416585e-02 9.996042865205482242e-01 5.656508188499681511e-02
9.978300536929404219e-01 6.574954371335410552e-02 3.490193208037862052e-03 9.226426187979370752e+00 -6.561528242803062183e-02 9.973906796316993617e-01 -3.010758867306657233e-02 -2.575628884293299503e-01 -5.460646393374299704e-03 2.981324680913718245e-02 9.995405702900027611e-01 6.600453169646050555e-02
9.974455132320559914e-01 7.131353430961084872e-02 4.102189355987891084e-03 9.696616033844202676e+00 -7.115203844072090500e-02 9.969788249028662674e-01 -3.115461636788533287e-02 -3.170072018210967624e-01 -6.311541726915807435e-03 3.078315317786483110e-02 9.995061590212725999e-01 6.845950204251377569e-02
9.970240567816591737e-01 7.692783373607942066e-02 5.013840376090430810e-03 1.014765915326023560e+01 -7.674320626078937058e-02 9.965953474785745891e-01 -3.013625187167457559e-02 -3.270002977342773010e-01 -7.315086565224743036e-03 2.966178991114987173e-02 9.995332249244194278e-01 7.080669362912342391e-02
9.965550497616139092e-01 8.270597849966555837e-02 6.144421456905418619e-03 1.058202131916960731e+01 -8.248376699013325319e-02 9.961307897487818863e-01 -3.032948891072017455e-02 -3.593010772931400920e-01 -8.629077456172423374e-03 2.971819030292650182e-02 9.995210694064304846e-01 8.272987563621304885e-02
9.961171689379619831e-01 8.779678783203416492e-02 6.504597865850097332e-03 1.098468594158933698e+01 -8.755726320838520815e-02 9.956827083356740715e-01 -3.081671593136593029e-02 -4.126034257984942388e-01 -9.182124290010272583e-03 3.012753504211268529e-02 9.995038870488743843e-01 8.363736397507973153e-02
9.957007364429005802e-01 9.237209840600622834e-02 6.887589065595864195e-03 1.137217138503963376e+01 -9.210359168957517328e-02 9.952222088743417627e-01 -3.239881728020471002e-02 -4.609783300870192169e-01 -9.847428341726364304e-03 3.162515453475558264e-02 9.994512883356083677e-01 7.773156346044894638e-02
9.952983645119389822e-01 9.658531688725781328e-02 7.241696047706322123e-03 1.173265610359836764e+01 -9.628360115560809229e-02 9.947621977592366882e-01 -3.431673145451032830e-02 -4.952794574852159570e-01 -1.051825785798952799e-02 3.345813011812204946e-02 9.993847706367311456e-01 9.188822285560785397e-02
9.948760102006345418e-01 1.008438788428216021e-01 7.227477236305262197e-03 1.209075681244030953e+01 -1.005242801953303150e-01 9.942898052477505688e-01 -3.581413508101154858e-02 -5.231332696550062833e-01 -1.079784323268848448e-02 3.490408687137563221e-02 9.993323327608277795e-01 9.147198478362668361e-02
9.944826430095052849e-01 1.047053822904892295e-01 6.407470033593576017e-03 1.238389835553855001e+01 -1.044152245887869923e-01 9.938996984108695587e-01 -3.550845494886736148e-02 -5.388598814261964520e-01 -1.008630888393110929e-02 3.464350470412996125e-02 9.993488349695079931e-01 9.178361087869661705e-02
9.941882569818415449e-01 1.075555507834088376e-01 4.638229736146485573e-03 1.270230671545763990e+01 -1.073281310673595279e-01 9.936020216470111688e-01 -3.515245170055745355e-02 -5.926792865137125998e-01 -8.389395746739063825e-03 3.445034215577393727e-02 9.993711982863798804e-01 9.264080158175176660e-02
9.940157880471622853e-01 1.092069123831660160e-01 2.542321914007011734e-03 1.295817772384887689e+01 -1.090550319313221272e-01 9.934366397962470785e-01 -3.450569113639052887e-02 -6.136720738353472759e-01 -6.293895728183877651e-03 3.402194876953948399e-02 9.994012676990586819e-01 9.534374365898641568e-02
9.939177960755087859e-01 1.101221845963664819e-01 -7.204888112106887146e-04 1.322666789782346619e+01 -1.100812888708439102e-01 9.933228104257043611e-01 -3.452396455382977791e-02 -6.326445964576842274e-01 -3.086176426763179853e-03 3.439329509808657093e-02 9.994036105434874750e-01 9.355748018861304027e-02
9.939774168429028611e-01 1.094833349361695463e-01 -4.721671056371640196e-03 1.347518387717097355e+01 -1.095828257311986798e-01 9.933114796201230057e-01 -3.638555701989171914e-02 -6.651503804549644405e-01 7.064779372361242732e-04 3.668383603355254013e-02 9.993266718459923315e-01 1.033273778376354313e-01
9.942546646735682669e-01 1.068724620656975322e-01 -5.994883390555295032e-03 1.373542703061968773e+01 -1.070242430332625228e-01 9.935187558012344988e-01 -3.829220905515989815e-02 -7.079634346448719917e-01 1.863646427698648252e-03 3.871380533069503083e-02 9.992486017497395068e-01 1.052131250267875073e-01
9.948011088746967490e-01 1.016289683793440007e-01 -6.504349915551709514e-03 1.399114544580218755e+01 -1.018070285320774454e-01 9.940255782717846156e-01 -3.935071388060273900e-02 -7.259541341082713650e-01 2.466317729411933619e-03 3.980832234086971455e-02 9.992042907980644983e-01 1.043098814727140555e-01
9.955930081643272755e-01 9.357353341433005678e-02 -6.209342852743401572e-03 1.424457062953142206e+01 -9.374532105813204730e-02 9.948309507604474744e-01 -3.902812048730919248e-02 -7.494547755768697916e-01 2.525247317274582903e-03 3.943822071825041353e-02 9.992188198150419032e-01 1.109592395534579057e-01
9.965220691645729767e-01 8.297239122952076995e-02 -7.703762821719178228e-03 1.447714247420931777e+01 -8.320268141887010582e-02 9.958408152872838537e-01 -3.712659979944073901e-02 -7.610003149706764392e-01 4.591238685579649564e-03 3.763844977696573918e-02 9.992808752426510788e-01 1.077991535997731426e-01
9.974584809526499951e-01 7.034958567876803404e-02 -1.129223496291624669e-02 1.472877323060797039e+01 -7.071140281030946495e-02 9.968576658614614061e-01 -3.570282237914963741e-02 -7.560483872225853830e-01 8.745072225556050835e-03 3.641057275112030700e-02 9.992986510066473871e-01 1.209595183855557976e-01
9.983551140993557338e-01 5.543571597098242987e-02 -1.462694590291816615e-02 1.496582973541810269e+01 -5.592723496107078474e-02 9.977978096343844694e-01 -3.566055914359400614e-02 -7.628084355374374903e-01 1.261786595552168155e-02 3.641994623292499345e-02 9.992569123979675449e-01 1.260299774065887224e-01
9.991142572649247544e-01 3.861700004272312914e-02 -1.671610713228314019e-02 1.519081552853347716e+01 -3.920129227753374468e-02 9.985766699399946100e-01 -3.616480243721096471e-02 -7.542630871984903340e-01 1.529573841725264186e-02 3.678806272762197987e-02 9.992060242147359217e-01 1.326243463202179118e-01
9.996693737885857800e-01 1.914413574361785095e-02 -1.716523159665232431e-02 1.542520462167358453e+01 -1.975649789250151847e-02 9.991476397643185292e-01 -3.624465125249695663e-02 -7.540376193124808113e-01 1.645672811224518570e-02 3.657179268263287264e-02 9.991955164430122993e-01 1.410989270039913479e-01
9.998473761637721724e-01 -5.221139247554196401e-04 -1.746286847771201176e-02 1.565543397812865933e+01 -9.173847167091362504e-05 9.993826552470647107e-01 -3.513260558767937469e-02 -7.241079412322243281e-01 1.747043109007636111e-02 3.512884553150304179e-02 9.992300777344278462e-01 1.408953268354648236e-01
9.995568385888835561e-01 -2.278172236388776792e-02 -1.916036420142902541e-02 1.589160481306532446e+01 2.209995429721266572e-02 9.991404276324409306e-01 -3.507132575943129604e-02 -7.240519351164766970e-01 1.994287968819393603e-02 3.463234032804848872e-02 9.992011221736815108e-01 1.385272585376684518e-01
9.986155143829840153e-01 -4.759307578490311330e-02 -2.240432036328337054e-02 1.614730750867454745e+01 4.676614377084639673e-02 9.982537023678094146e-01 -3.608979780721261604e-02 -6.939748470350273202e-01 2.408282023378262651e-02 3.499206833403010336e-02 9.990973790994018833e-01 1.465861272442170460e-01
9.969876091835293552e-01 -7.331094260064914547e-02 -2.532218058371909358e-02 1.640404136526175449e+01 7.230010054015441334e-02 9.966294216528631678e-01 -3.876198340852791274e-02 -6.668291854945735952e-01 2.807850773089122509e-02 3.681442096358104182e-02 9.989275728563720147e-01 1.463079592200254853e-01
9.946442376576142275e-01 -9.993347271474818660e-02 -2.638449403862281467e-02 1.667084200288763540e+01 9.884239269623988633e-02 9.943049948320604736e-01 -3.984668942457338103e-02 -6.248569487455362115e-01 3.021625225910303664e-02 3.702537350502735358e-02 9.988573971374630212e-01 1.668205869205610647e-01
9.914645963563448738e-01 -1.279272362045006106e-01 -2.515107172722541584e-02 1.697083922100224029e+01 1.269502199751472438e-01 9.912104640320454907e-01 -3.722173614487519350e-02 -5.645206527434817323e-01 2.969167930939341227e-02 3.371109951417908951e-02 9.989904734026913147e-01 1.812450415648388102e-01
9.873827751315549239e-01 -1.569281650330088540e-01 -2.118505116543017291e-02 1.729144047667368511e+01 1.561888325447245707e-01 9.871777956591011316e-01 -3.294007203929621291e-02 -4.874955873312123988e-01 2.608263717159650663e-02 2.921559133426483712e-02 9.992327783160258603e-01 1.859902394310251339e-01
9.823648993185197797e-01 -1.863471240677092577e-01 -1.529555290299174954e-02 1.758313681782190585e+01 1.858147508308315987e-01 9.820976670951859777e-01 -3.093623538618012203e-02 -4.093995804431303509e-01 2.078660531665556255e-02 2.754853240894965249e-02 9.994043202835990458e-01 1.898593451464333781e-01
9.762606066637045110e-01 -2.163477248230797068e-01 -1.043502949170066474e-02 1.794973756421640942e+01 2.159102176938358097e-01 9.758647175058681178e-01 -3.272355455314346351e-02 -3.136633946810998275e-01 1.726284368278039119e-02 2.969368773104997736e-02 9.994099654981006831e-01 2.099947135768572559e-01
9.691601971555870998e-01 -2.462881180159255945e-01 -8.406852771222772525e-03 1.825803997816178992e+01 2.458862404705671745e-01 9.687209587126314192e-01 -3.346133437462941312e-02 -2.268330334363135581e-01 1.638502354572394376e-02 3.036226399749932664e-02 9.994046547461904462e-01 2.360350619439412767e-01
9.605168397018559734e-01 -2.781257234710297621e-01 -7.313179395821112379e-03 1.862524519615199381e+01 2.777444445838833098e-01 9.600765420740366984e-01 -3.333251958599450782e-02 -1.138078403843317404e-01 1.629184311087401860e-02 2.998525142260502485e-02 9.994175606547914814e-01 2.427755391723905865e-01
9.506074612081724107e-01 -3.103319226104067630e-01 -6.289078174225054552e-03 1.896566414183742921e+01 3.100034104855486916e-01 9.502295957481908806e-01 -3.100968963982295851e-02 4.486340332949111109e-02 1.559936481660091287e-02 2.752840665854547342e-02 9.994992979708191561e-01 2.398676416598564398e-01
9.399022084556697409e-01 -3.414153341632754080e-01 -4.405466868978347855e-03 1.929744962631108862e+01 3.411303753452018528e-01 9.395140587071694194e-01 -3.071482554765833997e-02 1.774875582419050968e-01 1.462551048669429379e-02 2.736609379798926947e-02 9.995184797457440373e-01 2.417065002516994854e-01
9.273143438412632111e-01 -3.742675545521968461e-01 -3.450408057849598670e-03 1.970959535244119820e+01 3.739606659507886954e-01 9.268580133877203364e-01 -3.297943814880784780e-02 3.449903773170331367e-01 1.554117202433520639e-02 2.929198915209987528e-02 9.994500744627633493e-01 2.490927277248304594e-01
9.134019645184066061e-01 -4.070408432720721281e-01 -3.821403181544925920e-03 2.007272424568839853e+01 4.066164251514760020e-01 9.128066945424281320e-01 -3.803973180189748615e-02 5.252195500688841001e-01 1.897192691714775711e-02 3.319172045686419326e-02 9.992689206025392457e-01 2.702893187896133198e-01
8.979214396695787137e-01 -4.401505080375295309e-01 -2.149059332760125049e-03 2.042305324974300973e+01 4.396981273308439020e-01 8.971997703338405739e-01 -4.120836000925832271e-02 7.196503549231239028e-01 2.006601613325464245e-02 3.605693258179803323e-02 9.991482635771988807e-01 2.877525948382324006e-01
8.806793383866330371e-01 -4.737124734519904123e-01 6.288361309029297935e-04 2.084411243250559664e+01 4.733337203994746334e-01 8.799205456581219442e-01 -4.117065048678351241e-02 9.596270983348480499e-01 1.894972484428796011e-02 3.655579057700971551e-02 9.991519314416680286e-01 2.942994599987300841e-01
8.620608983886238752e-01 -5.068012757896943610e-01 1.863954757200428358e-03 2.125999108388950987e+01 5.064915781714164345e-01 8.613931888886116051e-01 -3.831521078810334879e-02 1.204341742735485665e+00 1.781259977731286179e-02 3.397412242055643239e-02 9.992639642731675487e-01 2.968504848311498967e-01
8.421539396159494206e-01 -5.392294755614492896e-01 2.883517827287517508e-03 2.165130698005276599e+01 5.389579132521942206e-01 8.415336739579395431e-01 -3.668028540909400170e-02 1.505327217452986144e+00 1.735251371346955077e-02 3.244454161452632601e-02 9.993228917558364399e-01 2.856420984186268108e-01
8.203796347767678965e-01 -5.717714197102623519e-01 7.395839779763367129e-03 2.208041097984446566e+01 5.716067415263328400e-01 8.196535723957755204e-01 -3.786494817758670473e-02 1.802425071138743728e+00 1.558806868040443078e-02 3.529114423413119705e-02 9.992554964839877041e-01 3.074183787950118818e-01
7.972541227457894397e-01 -6.034645991807722210e-01 1.470854515007206410e-02 2.252372512240501479e+01 6.034939642786000258e-01 7.962766453408312017e-01 -4.169579312175360902e-02 2.123358190560930669e+00 1.344986409379990248e-02 4.211866118886135185e-02 9.990220816055650488e-01 3.107462231916516826e-01
7.730725709333705620e-01 -6.339570837508781143e-01 2.138261051768044693e-02 2.292998575686464591e+01 6.341853523489373590e-01 7.717838634432612199e-01 -4.646081138602253802e-02 2.476275839117703104e+00 1.295140673914451160e-02 4.947811729113812951e-02 9.986912320496268425e-01 3.437482266112504292e-01
7.462831555659910077e-01 -6.651140235901865649e-01 2.616844172165299492e-02 2.338453498076072634e+01 6.654791718222871078e-01 7.447057683660707195e-01 -5.050535053856330947e-02 2.872151000334421056e+00 1.410402741027029679e-02 5.510584529769096962e-02 9.983809003706136664e-01 3.440786885478244184e-01
7.193970262893760736e-01 -6.940869891948435733e-01 2.666777074372448167e-02 2.377847026578134049e+01 6.944024454494071019e-01 7.177495519310606031e-01 -5.138895267122045585e-02 3.282209821472293232e+00 1.652762293513522149e-02 5.548722495492791618e-02 9.983225959312527209e-01 3.714670882110923666e-01
6.917071412694680843e-01 -7.216861201225858169e-01 2.665285611765941601e-02 2.420447788230674036e+01 7.219220411446295449e-01 6.900080656257393530e-01 -5.212903107671384290e-02 3.751039673987580869e+00 1.923011249035599599e-02 5.529930735401581560e-02 9.982846234315012612e-01 3.601078269194734616e-01
6.656970904876553519e-01 -7.457893383503103601e-01 2.540957534625284259e-02 2.462930616051771793e+01 7.458834482371216046e-01 6.639834405485592894e-01 -5.276241392505639366e-02 4.236465703240509306e+00 2.247810850965018675e-02 5.407636711451941497e-02 9.982837678523698299e-01 3.750324000557960780e-01
6.423254741119842626e-01 -7.660134228967387937e-01 2.532629560035394231e-02 2.503695550696637895e+01 7.660189544617663771e-01 6.405440349497883989e-01 -5.402129853628255540e-02 4.744349500674180042e+00 2.515843222692260364e-02 5.409967867063548985e-02 9.982185522497653007e-01 3.935265866828495662e-01
6.199585178869978508e-01 -7.841457767746756735e-01 2.769181947430811655e-02 2.546600138049139161e+01 7.841976710033770059e-01 6.180496763909970603e-01 -5.521422195289241858e-02 5.268756701635918027e+00 2.618107889748612707e-02 5.594638754579730339e-02 9.980904532297356635e-01 4.106454199448222320e-01
5.996319995131004221e-01 -7.997615271381910418e-01 2.868736428307475800e-02 2.589023563563903352e+01 7.998005197285038559e-01 5.976553291981605565e-01 -5.592169635350482948e-02 5.825559061873711642e+00 2.757886513140862111e-02 5.647660746386067021e-02 9.980229451307403021e-01 4.290427907467772584e-01
5.807902748649680369e-01 -8.136002196694538391e-01 2.715399005840119992e-02 2.629685637474542048e+01 8.135132726290079663e-01 5.788673361148445329e-01 -5.575627709724842451e-02 6.424154239740751393e+00 2.964476140427655879e-02 5.447283481810373529e-02 9.980750965674692887e-01 4.591927975757248426e-01
5.636077280064610839e-01 -8.256281645692241655e-01 2.616223999295510735e-02 2.671734507683790483e+01 8.254959885982354750e-01 5.618002611120461731e-01 -5.419261409692893022e-02 7.046976317760974773e+00 3.004499525073750163e-02 5.214020027282980502e-02 9.981877066844153656e-01 4.854344554801990896e-01
5.484705423063763741e-01 -8.357558867903821520e-01 2.630897028337237167e-02 2.713305952840736879e+01 8.356701991461100709e-01 5.467838290087626563e-01 -5.179539162528945528e-02 7.690140503240686876e+00 2.890298395062882233e-02 5.039386896972852803e-02 9.983111115724454532e-01 5.113885254545633696e-01
5.358584003063429080e-01 -8.438726877332045628e-01 2.710464386529738007e-02 2.755698707755284005e+01 8.438847631045893749e-01 5.342976159849756046e-01 -4.883199926976761196e-02 8.356599485795172200e+00 2.672604387181449354e-02 4.904023297975891593e-02 9.984391689673701720e-01 5.353599313146649719e-01
5.282555742956632772e-01 -8.487038170988088215e-01 2.545346867267335791e-02 2.794895218388925784e+01 8.486781380086190207e-01 5.268364993646238448e-01 -4.678376858967346619e-02 9.047926357130840813e+00 2.629574664812487153e-02 4.631558894303851315e-02 9.985806927480007644e-01 5.450828681001692599e-01
5.247450872117596088e-01 -8.510424660344032555e-01 1.921755585927730631e-02 2.835526673030192057e+01 8.507822157048997580e-01 5.235614593924944327e-01 -4.531026019637148655e-02 9.735518682529136214e+00 2.849938398254044103e-02 4.012629119272110439e-02 9.987880985813420986e-01 5.772814334700189232e-01
5.229091621341317442e-01 -8.522203250685281839e-01 1.692706992578886516e-02 2.879942616302990999e+01 8.518583271489904574e-01 5.217806818262684665e-01 -4.563234094190285473e-02 1.045756800401438014e+01 3.005659034394731616e-02 3.828103463866595890e-02 9.988148796267951601e-01 6.004885873531641272e-01
5.224343025923128270e-01 -8.524735613036751314e-01 1.874104461104705854e-02 2.924840531945164201e+01 8.521605338715303457e-01 5.212234378912063981e-01 -4.635247894838472743e-02 1.117291720619681428e+01 2.974599110254073919e-02 4.018650359388426657e-02 9.987493283813643208e-01 6.369459815946867387e-01
5.219977145047167699e-01 -8.526678441063748615e-01 2.181590426361203899e-02 2.971017382595895029e+01 8.524739314227420817e-01 5.206859603537361547e-01 -4.662967869459984371e-02 1.191899390759963495e+01 2.840039254141340369e-02 4.293807538181391992e-02 9.986739905424588670e-01 6.586425708596689299e-01
5.214295367704038231e-01 -8.530204251822168793e-01 2.161926005560847394e-02 3.016756037442099725e+01 8.528027576963539413e-01 5.201019550391801083e-01 -4.713186639542944756e-02 1.268312078661668885e+01 2.896022529083824501e-02 4.301291185647086734e-02 9.986546924561718885e-01 6.755244204825572307e-01
5.212549898540225213e-01 -8.532211963385761821e-01 1.751644001650302235e-02 3.062445958101370280e+01 8.528189162634628451e-01 5.200317741572838548e-01 -4.761144746844395842e-02 1.344604795569062539e+01 3.151399078973531748e-02 3.975605595876714055e-02 9.987123331566041262e-01 7.096003621219654223e-01
5.211223014477934790e-01 -8.533685841255130855e-01 1.391425748547871558e-02 3.108969606000995967e+01 8.528318059692515662e-01 5.200198418567463232e-01 -4.751078617019090233e-02 1.422406555199839495e+01 3.330852234759312802e-02 3.662545157266587637e-02 9.987738075440896202e-01 7.508779392480128267e-01
5.201187083903462405e-01 -8.540329747007036065e-01 1.020819799110336996e-02 3.157837179031128372e+01 8.534247452827417035e-01 5.192009870681317807e-01 -4.578798059060142783e-02 1.503284142813651592e+01 3.380433879616161902e-02 3.252711409493904554e-02 9.988990206858795462e-01 7.709890323269096291e-01
5.193476247726741546e-01 -8.544939501648982638e-01 1.086893622071282740e-02 3.206827203855029040e+01 8.539432984359447421e-01 5.184446788203771472e-01 -4.467614642261378416e-02 1.585234426412011999e+01 3.254055468673801993e-02 3.248390577538608909e-02 9.989423948187678981e-01 8.167091966336403885e-01
5.180597874661005964e-01 -8.552548943479112431e-01 1.237425975653261984e-02 3.256506732682216665e+01 8.548007131400454650e-01 5.171605631916795787e-01 -4.313574729310514638e-02 1.666915314365944667e+01 3.049257984901428825e-02 3.292442213932172262e-02 9.989925850580390065e-01 8.658056476488398268e-01
5.157031827096048016e-01 -8.566581112036754098e-01 1.367873722737273680e-02 3.305667696127130739e+01 8.562569710301038972e-01 5.147793330359515807e-01 -4.273450410865528570e-02 1.749084243519918758e+01 2.956732834626536049e-02 3.375083388617711178e-02 9.989928199473967485e-01 8.826017012377168625e-01
5.130144902221827063e-01 -8.582603626003286745e-01 1.432769385582772712e-02 3.355051054124815835e+01 8.578583220110391760e-01 5.120494973700207009e-01 -4.340980994560568462e-02 1.833495674427459576e+01 2.992043078697876127e-02 3.456099292933498268e-02 9.989546063707099854e-01 9.212966138404997674e-01
5.093809191300204819e-01 -8.604144004420087866e-01 1.476952058375387462e-02 3.405230947087083138e+01 8.599720010382344570e-01 5.083449208028785193e-01 -4.509544238845112490e-02 1.917056104814988871e+01 3.129275725388148272e-02 3.567213206319033020e-02 9.988734966638748158e-01 9.681970497740033377e-01
5.058062083937223674e-01 -8.625087611654478348e-01 1.545045187723972230e-02 3.456005386507341370e+01 8.620830153205611968e-01 5.047467388579387482e-01 -4.520624191508042927e-02 2.003219697528908583e+01 3.119221451220328956e-02 3.618516996119224699e-02 9.988581877467412884e-01 9.946868688241232714e-01
5.025239006770422234e-01 -8.643840951916919035e-01 1.760298917713163866e-02 3.506560281174949978e+01 8.640610978186737956e-01 5.014339875913937927e-01 -4.429870567615008109e-02 2.091561392470268288e+01 2.946435956742478671e-02 3.747121652460577018e-02 9.988632336048052229e-01 1.036106663845566711e+00
4.990599604881713613e-01 -8.663242130650256057e-01 2.053079868902048938e-02 3.558546677648781298e+01 8.661891200163959192e-01 4.980020344257827247e-01 -4.135676574640874403e-02 2.181436033224270332e+01 2.560398802465375934e-02 3.842306032899774071e-02 9.989334833872511865e-01 1.050752009942828913e+00
4.957903332695057230e-01 -8.681305590235429692e-01 2.326538041776846089e-02 3.609820652465568003e+01 8.681667199849790739e-01 4.947803598795271762e-01 -3.845701220855229224e-02 2.269959814079605209e+01 2.187445421114812133e-02 3.926484390592439172e-02 9.989893794660721360e-01 1.081379152700401081e+00
4.933639327495552562e-01 -8.694763735379410496e-01 2.455332403571976185e-02 3.659075049445888084e+01 8.695838919833230873e-01 4.923699594354764564e-01 -3.735877204410616853e-02 2.359877213561454212e+01 2.039325047726659595e-02 3.978264577448322598e-02 9.990002284434941204e-01 1.105021124342658423e+00
4.913527200070053613e-01 -8.706728980664666384e-01 2.238770006628143169e-02 3.710755649871420303e+01 8.706611617257726810e-01 4.903473885231653950e-01 -3.884044323691556583e-02 2.451839678042784243e+01 2.283957101273036486e-02 3.857645837881291256e-02 9.989946000128839820e-01 1.135431807801981385e+00
4.897517109341301689e-01 -8.717041466085339030e-01 1.658741759829214513e-02 3.762241367115888835e+01 8.713948946244555183e-01 4.887780981387132018e-01 -4.203460957754652505e-02 2.546315274914153193e+01 2.853417704309223202e-02 3.504071296920721612e-02 9.989784528082090720e-01 1.173935308008116518e+00
4.884633947669240195e-01 -8.724604096082819726e-01 1.470869263126780430e-02 3.816076025969574204e+01 8.720562606343471579e-01 4.875120138623718624e-01 -4.301063389784323676e-02 2.639831401971692415e+01 3.035441090207216530e-02 3.383592773966122291e-02 9.989663356353829515e-01 1.211677740624185429e+00
4.873668384471253612e-01 -8.730240385874663556e-01 1.739519561499923428e-02 3.866230210390796174e+01 8.727884826714267241e-01 4.864324370791456298e-01 -4.029576495553723742e-02 2.732789833328827811e+01 2.671758406298185146e-02 3.482114595577649047e-02 9.990363649518290146e-01 1.254167104501863639e+00
4.856310848859390905e-01 -8.738091939737148151e-01 2.489863288441063888e-02 3.920761598148146021e+01 8.739203252618391593e-01 4.846265414450008358e-01 -3.742165711587406435e-02 2.830147138604419865e+01 2.063284970010195035e-02 3.993254129233082123e-02 9.989893281007506953e-01 1.257228922277169314e+00
4.842834850464093899e-01 -8.743799858238260336e-01 3.048190450136130727e-02 3.974912289255187403e+01 8.747054701351953954e-01 4.831203100947846218e-01 -3.853707941043253010e-02 2.925630270376345621e+01 1.896962379360836795e-02 4.532555972787386672e-02 9.987921440462393941e-01 1.307719499004006858e+00
4.833381345398309881e-01 -8.748910783689017867e-01 3.081961534569303482e-02 4.028151465862953984e+01 8.751604559284548168e-01 4.820081209332734984e-01 -4.198032555225959805e-02 3.021607237418941594e+01 2.187290741203018821e-02 4.726280085728026825e-02 9.986429810380033079e-01 1.339453471520568595e+00
4.828831799130971492e-01 -8.752716086462657419e-01 2.689694508291990555e-02 4.079070797425781336e+01 8.752968948197987764e-01 4.815274367422462953e-01 -4.457211665671768214e-02 3.115458143780653089e+01 2.606109122491891833e-02 4.506593793787180141e-02 9.986440210415051810e-01 1.384285419628853653e+00
4.827703151665052594e-01 -8.754529126866854583e-01 2.269406227258035855e-02 4.131337489045161959e+01 8.753000595711388776e-01 4.815340705894309847e-01 -4.443809825289112003e-02 3.210080706296810860e+01 2.797549836542498683e-02 4.131750875804909851e-02 9.987543416482527192e-01 1.413660608933208662e+00
4.839350114908147482e-01 -8.747976867461276784e-01 2.314977142455697592e-02 4.182750275202583623e+01 8.746912761853252727e-01 4.827252243019685141e-01 -4.349171401429707817e-02 3.309488664163168181e+01 2.687147220887263835e-02 4.129606623200840487e-02 9.987855419934198453e-01 1.443466299737562242e+00
4.846888665664520479e-01 -8.744207849452109160e-01 2.156370752744498145e-02 4.236902702887576311e+01 8.743296901042038050e-01 4.836395940084586842e-01 -4.050106306778023663e-02 3.408602507474342502e+01 2.498590860495325180e-02 3.848420407302744622e-02 9.989467805684397739e-01 1.483625562602710612e+00
4.856253815409667940e-01 -8.738972927798237533e-01 2.171429195911001378e-02 4.291411929279034609e+01 8.738598427185150230e-01 4.846464804478567423e-01 -3.855858235824498326e-02 3.506868509348716856e+01 2.317248556289829356e-02 3.770027402553330353e-02 9.990203828006899434e-01 1.520573691434482066e+00
4.866193143750821015e-01 -8.732787276546429833e-01 2.420550976561426301e-02 4.343330315636830363e+01 8.733663167161855867e-01 4.856346080360427475e-01 -3.728678456615316938e-02 3.602717188856696851e+01 2.080672253692632603e-02 3.928474644906503055e-02 9.990114058376431405e-01 1.542696880789626634e+00
4.878493775741491456e-01 -8.726724273651115249e-01 2.111443385931546096e-02 4.396379095712021012e+01 8.727664451951332447e-01 4.871514014952290639e-01 -3.102006064927054566e-02 3.701348954803473390e+01 1.678442557746806507e-02 3.356108666176150362e-02 9.992957202550785123e-01 1.568672829877334918e+00
4.896705637236732356e-01 -8.717183176938263500e-01 1.816352442630817313e-02 4.450428384214817612e+01 8.717546928286568075e-01 4.890884508222662630e-01 -2.891786305192248566e-02 3.797746493468197571e+01 1.632466090778687470e-02 2.999436395926094803e-02 9.994167516991723232e-01 1.613321196094795962e+00
4.915762575052861072e-01 -8.706745650718825669e-01 1.669085959394230045e-02 4.506172739684794237e+01 8.706491901651252086e-01 4.909859369975198007e-01 -3.004658608692261160e-02 3.897985318600979099e+01 1.796582093610041980e-02 2.930207172804549440e-02 9.994091343741743350e-01 1.648577586147734308e+00
4.937686755941611549e-01 -8.695213021897715278e-01 1.118928238058154723e-02 4.558788485503659160e+01 8.693172226447315465e-01 4.932468502183301462e-01 -3.154538259312501813e-02 3.995500780031503041e+01 2.191030386002330160e-02 2.530315766659322826e-02 9.994396874233386630e-01 1.679369165916295703e+00
4.954489382696664057e-01 -8.685635363997318281e-01 1.130189383476489298e-02 4.616302287399035009e+01 8.683535199055375520e-01 4.949128693075780516e-01 -3.199087778419678479e-02 4.096272258394883181e+01 2.219265723440045149e-02 2.566388572551174183e-02 9.994242597287421592e-01 1.707322112940407699e+00
4.968817759406255474e-01 -8.677245271728631915e-01 1.275326157190082715e-02 4.672735860651455653e+01 8.675783093899277487e-01 4.963452091193406579e-01 -3.081088217485701899e-02 4.195142171959153643e+01 2.040533788509783092e-02 2.637381896709757242e-02 9.994438672876460039e-01 1.740435236943232322e+00
4.988632749682875289e-01 -8.665732110126590504e-01 1.364927994894340156e-02 4.727226331447813834e+01 8.664508285531761222e-01 4.983064073447708298e-01 -3.088180853936687772e-02 4.293099334174167581e+01 1.995982433363629668e-02 2.723223006580844860e-02 9.994298429895983604e-01 1.780328258591973523e+00
5.002156932058516858e-01 -8.658601841898624363e-01 8.390572405196186287e-03 4.784631595400306026e+01 8.655581925720096104e-01 4.997217045062206653e-01 -3.297322120863638295e-02 4.393734011753511481e+01 2.435724824493547963e-02 2.375625138979413006e-02 9.994210148770333868e-01 1.812242041009503035e+00
5.006533060852297323e-01 -8.656266675865024185e-01 6.061309183362010439e-03 4.840738124306734136e+01 8.651834479696435265e-01 5.001430887383129242e-01 -3.625592567649368186e-02 4.491494890450640298e+01 2.835257422684255360e-02 2.339579343358814262e-02 9.993241558094771992e-01 1.858363179612120275e+00
5.004807658980117147e-01 -8.657106462080795817e-01 8.004998946219721648e-03 4.897840428457026007e+01 8.653138630883437932e-01 4.999159420948674493e-01 -3.627628959152474214e-02 4.589655407878149163e+01 2.740294351464246658e-02 2.508242176087587677e-02 9.993097371712851285e-01 1.886122547688067863e+00
5.006304803833998562e-01 -8.655879097668350841e-01 1.125577969612360715e-02 4.956387661412477996e+01 8.653210281877217191e-01 5.000270884773951874e-01 -3.453156476274260589e-02 4.690046024711820394e+01 2.426191021396479838e-02 2.702741671526648348e-02 9.993402215754496609e-01 1.936334960321982823e+00
5.007094190234367970e-01 -8.654696192856090597e-01 1.588759877500642986e-02 5.013951594837523373e+01 8.653208837997174996e-01 4.999759520221149778e-01 -3.526776799934606965e-02 4.789021183035652030e+01 2.257976442056799232e-02 3.140677463864979813e-02 9.992516043247109403e-01 1.951399447847502966e+00
5.009987350525435534e-01 -8.652215094308144394e-01 1.979916902332943401e-02 5.070626529116300674e+01 8.651333125399760515e-01 5.000685873714099117e-01 -3.841561476757724553e-02 4.889692006653550749e+01 2.333707371029174193e-02 3.637509508751388815e-02 9.990656802473072418e-01 2.001702895652321956e+00
5.012137324240362179e-01 -8.651110443416671902e-01 1.917486343202236265e-02 5.130588734854052291e+01 8.649955084145044548e-01 5.002906426004474216e-01 -3.862697696124536839e-02 4.991639842049212916e+01 2.382361963052220116e-02 3.594654203816392835e-02 9.990697079099128963e-01 2.031975043484495203e+00
5.017092944754979467e-01 -8.646785092986379873e-01 2.487688473228158101e-02 5.191110174077294204e+01 8.647798173923317844e-01 5.006528548021318414e-01 -3.876320948219759421e-02 5.093740236982039704e+01 2.106303083089710801e-02 4.096089031699183536e-02 9.989387139342713606e-01 2.074012003349788191e+00
5.017427607142563861e-01 -8.644484967060619418e-01 3.135280870139491721e-02 5.249662005631842732e+01 8.648973501750298887e-01 5.007412630794895181e-01 -3.479599272573483115e-02 5.194559010558252510e+01 1.437969857293043552e-02 4.457559861838446269e-02 9.989025179049076941e-01 2.095850739714287592e+00
5.025761262147123709e-01 -8.639440302465347665e-01 3.190532808777096080e-02 5.307464587500562203e+01 8.644340031789355949e-01 5.016179195543244429e-01 -3.366477283499210577e-02 5.296058741968089123e+01 1.308019522231131104e-02 4.449916160295779716e-02 9.989237874380507698e-01 2.127784536611681876e+00
5.025238395263758040e-01 -8.640464627386414964e-01 2.989148602044688560e-02 5.365421805650849052e+01 8.643707256051755827e-01 5.013817063758347903e-01 -3.846600094158786343e-02 5.397021097450367932e+01 1.824936778223918213e-02 4.516740794530255121e-02 9.988127281102554544e-01 2.151599791597511580e+00
5.031291635899133308e-01 -8.639530056638671240e-01 2.112460058046829181e-02 5.426413118528967061e+01 8.637970332087281378e-01 5.019810676618738920e-01 -4.323994829835722115e-02 5.502249862289775706e+01 2.675313374380181713e-02 4.000264633015144372e-02 9.988413578349021327e-01 2.192665469448789040e+00
5.033830731312891604e-01 -8.639333513633650208e-01 1.498819825608663572e-02 5.482661676736179857e+01 8.635500054369084078e-01 5.024104710367023330e-01 -4.318688113993306849e-02 5.603895935923136307e+01 2.978035921232170466e-02 3.468260363270830177e-02 9.989545771507538641e-01 2.223333411389964098e+00
5.038022967130038055e-01 -8.636918010656474687e-01 1.482290790231548597e-02 5.542120813839829196e+01 8.633319853301660851e-01 5.028679972535933240e-01 -4.220971978151483173e-02 5.706548882897470065e+01 2.900222289026097369e-02 3.406244427721172308e-02 9.989988092872210679e-01 2.260581331428356489e+00
5.038308930901669314e-01 -8.637132900718109685e-01 1.240095646683366318e-02 5.601252594195960199e+01 8.633777277631400349e-01 5.030812829616767567e-01 -3.857618353583393972e-02 5.811236628550416583e+01 2.708007331086258532e-02 3.014258261929387422e-02 9.991787099125547522e-01 2.314632745253963453e+00
5.032000412267285672e-01 -8.640006459022708807e-01 1.710562451001184855e-02 5.660589303351665791e+01 8.638412420735639419e-01 5.023641639738980480e-01 -3.753072404855732624e-02 5.913378061986222178e+01 2.383331706290989574e-02 3.366200581167565209e-02 9.991490591310755454e-01 2.351088524139591573e+00
5.025700353983491020e-01 -8.643496253823670372e-01 1.797455482241528887e-02 5.721006463460094693e+01 8.642599785331994688e-01 5.017748815762930192e-01 -3.573034739392729614e-02 6.015720715353731407e+01 2.186433226731887211e-02 3.349169031952580616e-02 9.991998086739435347e-01 2.394509480125218026e+00
5.026420761852202768e-01 -8.643085882418090060e-01 1.793341963102437764e-02 5.782361549718324056e+01 8.642437645705697280e-01 5.018883883158167247e-01 -3.450740608393982473e-02 6.121417257800280254e+01 2.082447236069077945e-02 3.284372033133827612e-02 9.992435295690914598e-01 2.437405996349096160e+00
5.022082563832999114e-01 -8.645557708890897475e-01 1.817102756637029720e-02 5.841611616014701269e+01 8.645692230895373198e-01 5.015686020855398830e-01 -3.080577686589935568e-02 6.223743299738120527e+01 1.751929527121273006e-02 3.118102667215165089e-02 9.993602042651441586e-01 2.466896421680043527e+00
5.022329999376289322e-01 -8.644747144928491833e-01 2.110643921073412574e-02 5.900876311764995563e+01 8.646178770761653309e-01 5.016197990795454587e-01 -2.852198821438330437e-02 6.328568875138151384e+01 1.406912982222432822e-02 3.257368836811749824e-02 9.993703089506622561e-01 2.487935005171376446e+00
5.021503645639195934e-01 -8.646168115577180791e-01 1.681607980737910915e-02 5.959764168222779546e+01 8.645884088821221836e-01 5.015343481697391859e-01 -3.082500336796566501e-02 6.432283007661104079e+01 1.821797450330219989e-02 3.001777436320469603e-02 9.993833291721834211e-01 2.535333860884144919e+00
5.020957264619585469e-01 -8.647496944780712624e-01 1.038495877317432460e-02 6.019082337866127119e+01 8.643730593205245505e-01 5.014221028280554382e-01 -3.788257008662609254e-02 6.534714342410100585e+01 2.755169304262630042e-02 2.799715513357680513e-02 9.992282339460346607e-01 2.580641326506820654e+00
5.019650622946295604e-01 -8.648637776359353602e-01 6.459285475043187452e-03 6.078256842564202600e+01 8.642918573405538041e-01 5.013279228517188990e-01 -4.086439898000145815e-02 6.637522340508860452e+01 3.210391830235644062e-02 2.609520841994696777e-02 9.991438227438306230e-01 2.616982822556952470e+00
5.020821919931868216e-01 -8.647782633432725685e-01 8.486915358973674828e-03 6.136339400773965025e+01 8.642090581391985715e-01 5.013346161510803256e-01 -4.250066445137512527e-02 6.738190836757686952e+01 3.249886634139755731e-02 2.867329589779907609e-02 9.990603914623386039e-01 2.663805995642635427e+00
5.023305819553465223e-01 -8.645748712204078812e-01 1.320145774595347064e-02 6.195748505250686122e+01 8.639906407981799985e-01 5.012665190282983296e-01 -4.745576376377264038e-02 6.839183783931788696e+01 3.441161207431656099e-02 3.524441736598779573e-02 9.987860992219399492e-01 2.739726512461398755e+00
5.026690080096776203e-01 -8.644073901058160203e-01 1.112350291133507030e-02 6.254734066370362910e+01 8.637534418556087612e-01 5.016785057791242064e-01 -4.742012781314421804e-02 6.941049116645564254e+01 3.540988660185588610e-02 3.344459253268188687e-02 9.988130952090920056e-01 2.786362908377232550e+00
5.030096201869422856e-01 -8.640884061971244590e-01 1.823590620456510408e-02 6.314034757420751021e+01 8.637020591741780828e-01 5.017888529760408112e-01 -4.718792226061679224e-02 7.042949659625467973e+01 3.162396208056277025e-02 3.948636859351386391e-02 9.987195560905094416e-01 2.829766270256719451e+00
5.030521829468335149e-01 -8.639585826903638521e-01 2.267308157448939473e-02 6.373939387968770376e+01 8.639059753861310087e-01 5.019287488793497953e-01 -4.164128649007216298e-02 7.144392107621563071e+01 2.459607538944324004e-02 4.053515072216386239e-02 9.988753348798679044e-01 2.878168344060036965e+00
5.040080771729729125e-01 -8.633581668040858359e-01 2.425971881722472842e-02 6.431459171884539217e+01 8.634700769801982867e-01 5.030291511344029409e-01 -3.716314395758652661e-02 7.247171760807626129e+01 1.988175807651039115e-02 3.967806600239257714e-02 9.990146979770101465e-01 2.920735908536193026e+00
5.041946218743293961e-01 -8.632562564936878680e-01 2.400872544526981567e-02 6.488888622951206742e+01 8.634209142269597681e-01 5.033508196164327986e-01 -3.379759262057614733e-02 7.347193293143340043e+01 1.709117165331477950e-02 3.777020010497295077e-02 9.991402823605638472e-01 2.955200892386132594e+00
5.046414055004304622e-01 -8.630316911416952008e-01 2.265727123145606925e-02 6.548415671479047262e+01 8.631921782817305600e-01 5.039203048780434013e-01 -3.104174100885347815e-02 7.449046939704895465e+01 1.537254721219346275e-02 3.522252712008872716e-02 9.992612563166268780e-01 2.993560110611920511e+00
5.054246933792762020e-01 -8.626734101112940589e-01 1.845174272028795096e-02 6.604905042597164311e+01 8.627205812122633599e-01 5.048222987920221172e-01 -2.945582107348196713e-02 7.547407621770945241e+01 1.609590243631408082e-02 3.080639753832541475e-02 9.993957613455598521e-01 3.020894801039148980e+00
