1403636579963555584.000000 0.433762550 0.238110900 0.028177802 -0.606818557 -0.548072696 -0.408326924 0.405779123
1403636582913555456.000000 0.432246983 0.245300531 0.218589231 -0.615655005 -0.531364322 -0.431280673 0.390663296
1403636585413555456.000000 0.451023847 0.263306946 0.153720900 -0.615184546 -0.530150652 -0.451937437 0.369108230
1403636588163555584.000000 0.756565511 0.198376656 0.016482707 -0.718040228 -0.565607190 -0.303405076 0.269169480
1403636591113555456.000000 0.459263563 0.158405825 0.029381879 -0.685692787 -0.597607136 -0.289131373 0.298486501
1403636593813555456.000000 0.305033684 0.143202350 -0.030746613 -0.664356887 -0.618021786 -0.248687133 0.338871181
1403636594213555456.000000 0.505361021 0.056533430 -0.031075547 -0.740250587 -0.515403032 -0.323748648 0.285614431
1403636594563555584.000000 0.696962476 0.166191369 -0.035295591 -0.745758057 -0.494025677 -0.360010326 0.264907986
1403636596113555456.000000 0.555390716 0.100943938 -0.080879301 -0.692222714 -0.575028896 -0.321231276 0.294923812
1403636596563555584.000000 0.440629959 -0.051216207 -0.041668311 -0.697475255 -0.558765650 -0.337226093 0.295952320
1403636597063555584.000000 0.417141855 0.014247559 -0.041613240 -0.688458025 -0.570927083 -0.343035489 0.287044555
1403636598113555456.000000 0.396225214 0.254746199 -0.047642823 -0.596388042 -0.657756984 -0.293181777 0.354572415
1403636600813555456.000000 0.493790507 0.388092548 -0.267183393 -0.543875098 -0.582001209 -0.382550687 0.468112618
1403636603313555456.000000 0.493710279 0.387703270 -0.267185837 -0.544108927 -0.581770062 -0.382474065 0.468190908
1403636605813555456.000000 0.493731827 0.387744695 -0.267216027 -0.544088900 -0.581735969 -0.382476956 0.468254209
1403636608313555456.000000 0.493662685 0.387912065 -0.267337829 -0.544128299 -0.581699252 -0.382561177 0.468185097
1403636610813555456.000000 0.493751109 0.387942642 -0.267156750 -0.544324100 -0.581803918 -0.382317632 0.468026400
1403636613313555456.000000 0.494307280 0.387924939 -0.267458379 -0.543869257 -0.581716955 -0.383012414 0.468095183
1403636615813555456.000000 0.494361460 0.388047457 -0.267581701 -0.544071913 -0.581512272 -0.382674068 0.468390703
1403636618313555456.000000 0.494298905 0.388068348 -0.267568529 -0.544112444 -0.581485271 -0.382667720 0.468382388
1403636620813555456.000000 0.494253993 0.388161093 -0.267683357 -0.544083238 -0.581413090 -0.382708848 0.468472332
1403636623313555456.000000 0.494755000 0.388253957 -0.267627746 -0.544626176 -0.580523610 -0.382470101 0.469138831
1403636626113555456.000000 0.550628901 0.377547413 -0.001904128 -0.546489537 -0.601739049 -0.381546944 0.440092206
1403636628813555456.000000 0.832030416 0.419200212 0.215684667 -0.586167574 -0.569354355 -0.401576132 0.413497210
1403636631713555456.000000 1.971255183 1.198323846 0.153534919 -0.667308807 -0.473521352 -0.469164640 0.332206368
1403636634613555456.000000 2.745093584 2.707778692 0.007449970 -0.606368303 -0.543970823 -0.431263328 0.387846887
1403636637313555456.000000 3.541982412 4.490267277 0.253946245 -0.585663021 -0.573370755 -0.411398172 0.398743510
1403636637613555456.000000 3.560275793 4.616797447 0.262712747 -0.587357938 -0.577221930 -0.404547423 0.397701979
1403636638413555456.000000 3.593672991 4.995177269 0.322527379 -0.589655638 -0.574691892 -0.395213604 0.407236665
1403636641363555584.000000 4.314453602 6.641816139 0.123072669 -0.554346561 -0.595451236 -0.391604900 0.429864317
1403636642713555456.000000 4.542100906 6.937827110 0.109139532 -0.592780173 -0.564694047 -0.413406789 0.398531377
1403636644213555456.000000 4.815597534 7.303158283 0.170985118 -0.602423668 -0.577599168 -0.393962950 0.385043085
1403636644563555584.000000 4.909326077 7.505785942 0.124114856 -0.599098504 -0.545638859 -0.399405360 0.428759515
1403636646913555456.000000 6.010147572 9.135677338 -0.011322118 -0.669944525 -0.449215859 -0.483456731 0.340072215
1403636647363555584.000000 6.242450714 9.365508080 0.065958038 -0.675712943 -0.453510404 -0.474858344 0.335037023
1403636647663555584.000000 6.394913197 9.490630150 0.074787274 -0.668784440 -0.445816875 -0.479340166 0.352431178
1403636649763555584.000000 7.471271038 9.576546669 0.235140443 -0.749262035 -0.300242126 -0.542550743 0.232593685
1403636650113555456.000000 7.600400448 9.527483940 0.325143665 -0.752734840 -0.283035904 -0.553050041 0.217753649
1403636651963555584.000000 7.805156708 8.933956146 0.329937071 -0.789606750 -0.147652864 -0.578338861 0.142281920
1403636654713555456.000000 7.766450882 7.611351490 0.270295799 0.815433919 -0.059677675 0.574736476 0.034411132
1403636654963555584.000000 7.725870609 7.521368504 0.280422270 0.813710928 -0.077376433 0.573889613 0.050380774
1403636655913555456.000000 7.422060013 7.222512245 0.167506963 0.805696547 -0.165418565 0.561968505 0.087643176
1403636657113555456.000000 6.963569641 6.670730591 0.154445335 0.780073881 -0.188290909 0.583653033 0.124018103
1403636657413555456.000000 6.816241264 6.540506840 0.127960071 0.787472308 -0.194784090 0.574029505 0.111520439
1403636659013555456.000000 6.006099224 5.540825367 -0.074368104 0.792116702 -0.193047762 0.559477985 0.149225339
1403636659313555456.000000 5.911535263 5.396331787 -0.160929263 0.786534846 -0.195842087 0.567588210 0.144403607
1403636659963555584.000000 5.719246864 5.177233696 -0.298044264 0.793418705 -0.199705750 0.555461109 0.148551241
1403636662713555456.000000 5.762672424 5.453266621 -0.862940490 0.795043349 -0.215097979 0.551864862 0.130706221
1403636663213555456.000000 5.729035854 5.569698334 -0.953052700 0.801030695 -0.232020095 0.540137470 0.112995207
1403636663463555584.000000 5.727095127 5.570245266 -0.997886777 0.813685417 -0.209330842 0.522295356 0.145959839
1403636663913555456.000000 5.850602150 5.557165146 -1.115924358 0.815750599 -0.185504615 0.519861042 0.172868207
1403636666863555584.000000 7.504444122 6.956243038 -1.106970429 0.808858752 -0.179493934 0.548326313 0.113436438
1403636668363555584.000000 8.050906181 7.436954498 -1.198631167 0.807564318 -0.178414807 0.548374057 0.123668619
1403636668813555456.000000 8.270162582 7.550822258 -1.299209476 0.801999629 -0.175156444 0.552338660 0.145048037
1403636669163555584.000000 8.460722923 7.693268299 -1.324539900 0.790649533 -0.179997385 0.568041027 0.140725568
1403636669563555584.000000 8.647383690 7.918412685 -1.367602468 0.783304155 -0.181261852 0.577816010 0.140383482
1403636669863555584.000000 8.745461464 8.123462677 -1.404116035 0.770042777 -0.190054610 0.596973419 0.120566122
1403636670263555584.000000 8.757285118 8.374320030 -1.370932460 0.769397855 -0.216006324 0.598054409 0.060821347
1403636670613555456.000000 8.629062653 8.451449394 -1.344055653 0.775184453 -0.193668619 0.601188958 0.012386117
1403636672913555456.000000 6.996603012 6.290980339 -0.788994849 -0.820003748 -0.095479064 -0.561963320 0.051720627
1403636673913555456.000000 7.154921532 6.304740429 -0.816364169 -0.806405485 -0.164018944 -0.561610281 0.086033978
1403636676863555584.000000 8.424796104 8.097234726 -1.301804423 -0.723176241 -0.391813487 -0.495290130 0.279617727
1403636677663555584.000000 8.621601105 8.746682167 -1.405020475 -0.674392462 -0.427832574 -0.509435058 0.320359439
1403636680313555456.000000 8.556614876 9.512796402 -1.101339698 -0.391696870 -0.699419558 -0.338795245 0.492548078
1403636682963555584.000000 7.111232281 8.313536644 -1.004612327 -0.419948190 -0.690114617 -0.318786711 0.495742232
1403636683413555456.000000 6.852924347 8.038823128 -0.995347261 -0.422222644 -0.691743791 -0.310034752 0.497088552
1403636686063555584.000000 5.708383560 6.307971001 -1.051966548 -0.421932876 -0.699594200 -0.301481575 0.491578519
1403636688913555456.000000 4.875890255 4.820837975 -1.397486329 -0.405391902 -0.710409522 -0.300531268 0.490567714
1403636689713555456.000000 4.583409786 4.477912426 -1.340000749 -0.401901603 -0.726631224 -0.254703462 0.495588928
1403636689963555584.000000 4.492378235 4.426908016 -1.293120027 -0.416544110 -0.718651712 -0.238399878 0.503186226
1403636690213555456.000000 4.419006348 4.426408291 -1.267013669 -0.410673708 -0.723566234 -0.252856314 0.493824601
1403636690613555456.000000 4.307951450 4.507412910 -1.196476817 -0.413774431 -0.717178345 -0.251578361 0.501152992
1403636690763555584.000000 4.269610405 4.557794094 -1.191370845 -0.423514783 -0.704444170 -0.237416059 0.517713606
1403636692013555456.000000 4.813306808 5.000882149 -1.058249354 -0.383270979 -0.710538924 -0.273198068 0.523068488
1403636693913555456.000000 5.663078785 5.144812584 -0.497626305 -0.393658519 -0.728799403 -0.262127548 0.495150179
1403636694913555456.000000 5.691184044 5.405619621 -0.469273269 -0.393705249 -0.714798272 -0.263627172 0.514354229
1403636695813555456.000000 5.769553185 5.624980450 -0.463033259 -0.392694324 -0.714289010 -0.284493834 0.504624307
1403636698163555584.000000 5.540740013 5.455501556 -0.445824087 -0.468058735 -0.671885014 -0.333512843 0.467183948
1403636700863555584.000000 5.052375317 4.865399837 -0.897299051 -0.736550272 -0.348936051 -0.515269041 0.265019327
1403636702663555584.000000 5.533953190 4.578054428 -1.103158355 -0.781210124 -0.273317397 -0.529463172 0.186217695
1403636705513555456.000000 6.844405651 4.962481499 -1.529702187 -0.773214877 -0.294870913 -0.527070642 0.193355754
1403636705863555584.000000 7.071537018 5.174438477 -1.586518407 -0.771624088 -0.289466530 -0.529985249 0.199802443
1403636706313555456.000000 7.374268532 5.445868492 -1.618965387 -0.762908995 -0.286168247 -0.538969040 0.213518515
1403636706563555584.000000 7.535554409 5.573869228 -1.665066242 -0.764348269 -0.299366087 -0.535869956 0.197471768
1403636706913555456.000000 7.742883205 5.773055553 -1.673463583 -0.772842526 -0.298384756 -0.526036382 0.192267343
1403636709613555456.000000 9.253986359 7.697169781 -1.706958532 -0.767323375 -0.280384868 -0.548241675 0.178969666
1403636712213555456.000000 9.015274048 9.159386635 -1.850722313 -0.721634209 -0.358983874 -0.519533932 0.283653527
1403636715013555456.000000 7.416015625 8.357531548 -1.246406913 -0.669656217 -0.487026840 -0.452124685 0.331585228
1403636717913555456.000000 6.905746937 7.270831108 -1.127254605 -0.558021188 -0.593932748 -0.416201562 0.403277278
1403636720763555584.000000 5.873954296 5.993948460 -1.396533728 -0.497179806 -0.649476469 -0.335717320 0.467211306
1403636723263555584.000000 5.824550152 5.138328075 -1.439302921 -0.573139191 -0.578291059 -0.406085789 0.414952159
1403636726213555456.000000 5.484684467 4.259508610 -1.120398521 -0.654801250 -0.488201171 -0.458104223 0.350764245
1403636729013555456.000000 5.106986046 3.558024883 -0.556352615 -0.609849036 -0.533042252 -0.445672065 0.381217211
1403636731863555584.000000 4.339994907 2.680939198 -0.497716844 -0.610318959 -0.540521860 -0.422847301 0.395660430
1403636734763555584.000000 3.695002317 1.617719293 -0.353520483 -0.600959063 -0.559997797 -0.417054325 0.388994217
1403636737663555584.000000 2.840770721 1.026193500 -0.145103216 -0.568026543 -0.593101859 -0.384993702 0.421136469
1403636738163555584.000000 2.723234415 0.968656778 -0.009029200 -0.572309911 -0.588792324 -0.383324265 0.422903597
1403636741063555584.000000 3.082132101 0.919899285 -0.418551266 -0.701436579 -0.409663349 -0.509807527 0.283300072
1403636743613555456.000000 3.374521732 1.000558257 -1.103913784 -0.736156106 -0.386142284 -0.485672653 0.270352572
1403636746463555584.000000 3.996666908 1.486387968 -1.970444441 -0.722766697 -0.335810006 -0.552553177 0.243977576
1403636749413555456.000000 3.871593714 2.059610128 -1.389645815 -0.749351859 -0.312586963 -0.531709492 0.240927890
1403636751263555584.000000 3.707538128 1.950206161 -0.765489578 -0.744115949 -0.351143956 -0.515824378 0.238567993
1403636752263555584.000000 3.612999439 1.936318755 -0.384001672 -0.733101070 -0.366482615 -0.509222567 0.262575239
1403636754963555584.000000 3.126147985 1.815482378 -0.063128881 -0.552158058 -0.591427803 -0.411497086 0.419529289
1403636756413555456.000000 2.288397074 1.345626116 0.022034857 -0.546722889 -0.600038946 -0.399592102 0.425879687
1403636756863555584.000000 2.001761436 1.192912817 0.029224833 -0.543550730 -0.599968374 -0.398012459 0.431482077
1403636757263555584.000000 1.751868725 1.012338281 0.064897828 -0.543420792 -0.600944877 -0.395263493 0.432811618
1403636757563555584.000000 1.566290140 0.858714461 0.050863728 -0.541364312 -0.612631083 -0.390978962 0.422780514
1403636758013555456.000000 1.257676840 0.668224752 0.127566844 -0.534203112 -0.633004606 -0.364238292 0.425749600
1403636758513555456.000000 0.915484786 0.530332029 0.190433651 -0.539844453 -0.627582610 -0.348761052 0.439401597
1403636759013555456.000000 0.654821157 0.477717966 0.156876653 -0.530412555 -0.618716240 -0.366414219 0.448991597
1403636759313555456.000000 0.547642410 0.463376373 0.104331329 -0.545699656 -0.599521339 -0.341226876 0.475762874
1403636759563555584.000000 0.516281307 0.447997063 0.037591897 -0.528256774 -0.614626050 -0.365642458 0.457695544
1403636759863555584.000000 0.505371928 0.413902342 -0.005218279 -0.521467865 -0.620665610 -0.372633904 0.451651931
1403636760163555584.000000 0.498054832 0.370237440 -0.032941960 -0.533208668 -0.631761074 -0.357200265 0.434711963
1403636760563555584.000000 0.493973672 0.331147850 -0.088154562 -0.523059309 -0.624545515 -0.371757954 0.445138127
1403636760813555456.000000 0.489950359 0.300368845 -0.126223445 -0.522602260 -0.632865906 -0.370663732 0.434713870
1403636761113555456.000000 0.466665328 0.266366810 -0.166646123 -0.526322126 -0.635892630 -0.363296598 0.432020038
1403636761513555456.000000 0.407356560 0.260830671 -0.198354661 -0.524923980 -0.633325338 -0.364900947 0.436120570
1403636761963555584.000000 0.342792392 0.281263977 -0.183113992 -0.530727267 -0.617033064 -0.360567302 0.455620527
1403636762313555456.000000 0.317088246 0.284112662 -0.157802135 -0.522807479 -0.639740050 -0.375414848 0.420081854
1403636762763555584.000000 0.243210360 0.323062748 -0.230290651 -0.539942026 -0.609841108 -0.351142973 0.461795568
1403636763113555456.000000 0.276190042 0.298596323 -0.262467384 -0.554083109 -0.584284604 -0.379906029 0.455274373
1403636763363555584.000000 0.280537426 0.291731000 -0.274448842 -0.562896669 -0.575683236 -0.380121380 0.455240518
1403636763513555456.000000 0.280718505 0.285171449 -0.281513721 -0.563849747 -0.575616479 -0.379069269 0.455022603
