0.0000 -15.6504 17.9810 -0.9350 -0.0240 -0.0059 -0.4688 0.8830
0.1000 -15.2904 17.4439 -0.9057 -0.0232 -0.0057 -0.4667 0.8841
0.2000 -14.9361 16.9345 -0.8743 -0.0220 -0.0060 -0.4660 0.8845
0.3000 -14.5771 16.4127 -0.8457 -0.0209 -0.0061 -0.4655 0.8848
0.4000 -14.2254 15.9019 -0.8156 -0.0199 -0.0064 -0.4659 0.8846
0.5000 -13.8787 15.3900 -0.7861 -0.0187 -0.0065 -0.4669 0.8841
0.6000 -13.5432 14.8828 -0.7595 -0.0180 -0.0067 -0.4687 0.8831
0.7000 -13.2105 14.3942 -0.7352 -0.0171 -0.0067 -0.4717 0.8816
0.8000 -12.8802 13.8946 -0.7075 -0.0157 -0.0071 -0.4750 0.8798
0.9000 -12.5809 13.3981 -0.6797 -0.0139 -0.0081 -0.4778 0.8783
1.0000 -12.2859 12.9335 -0.6530 -0.0127 -0.0091 -0.4807 0.8767
1.1000 -11.9910 12.4564 -0.6275 -0.0118 -0.0099 -0.4836 0.8751
1.2000 -11.7131 12.0054 -0.6054 -0.0115 -0.0104 -0.4866 0.8735
1.3000 -11.4463 11.5595 -0.5831 -0.0111 -0.0109 -0.4895 0.8719
1.4000 -11.1792 11.1181 -0.5572 -0.0104 -0.0114 -0.4920 0.8704
1.5000 -10.9382 10.6805 -0.5354 -0.0085 -0.0120 -0.4947 0.8690
1.6000 -10.6906 10.2761 -0.5099 -0.0071 -0.0121 -0.4975 0.8673
1.7000 -10.4627 9.8647 -0.4885 -0.0064 -0.0118 -0.4999 0.8660
1.8000 -10.2446 9.4751 -0.4698 -0.0067 -0.0108 -0.5024 0.8646
1.9000 -10.0396 9.0947 -0.4503 -0.0067 -0.0101 -0.5044 0.8634
2.0000 -9.8343 8.7377 -0.4311 -0.0062 -0.0101 -0.5068 0.8620
2.1000 -9.6530 8.3970 -0.4123 -0.0053 -0.0106 -0.5089 0.8608
2.2000 -9.4827 8.0739 -0.3949 -0.0045 -0.0109 -0.5106 0.8597
2.3000 -9.3223 7.7698 -0.3811 -0.0040 -0.0113 -0.5123 0.8587
2.4000 -9.1754 7.4867 -0.3673 -0.0042 -0.0117 -0.5140 0.8577
2.5000 -9.0377 7.2273 -0.3564 -0.0047 -0.0124 -0.5151 0.8570
2.6000 -8.9109 6.9864 -0.3445 -0.0057 -0.0132 -0.5158 0.8566
2.7000 -8.7954 6.7490 -0.3343 -0.0063 -0.0146 -0.5160 0.8564
2.8000 -8.6738 6.5295 -0.3191 -0.0063 -0.0166 -0.5158 0.8565
2.9000 -8.5584 6.3028 -0.3046 -0.0058 -0.0181 -0.5145 0.8573
3.0000 -8.4390 6.0803 -0.2932 -0.0054 -0.0183 -0.5122 0.8586
3.1000 -8.3061 5.8622 -0.2814 -0.0056 -0.0178 -0.5088 0.8607
3.2000 -8.1834 5.6572 -0.2721 -0.0069 -0.0182 -0.5041 0.8634
3.3000 -8.0546 5.4507 -0.2562 -0.0086 -0.0196 -0.4985 0.8666
3.4000 -7.9323 5.2530 -0.2412 -0.0097 -0.0211 -0.4920 0.8703
3.5000 -7.8044 5.0615 -0.2281 -0.0102 -0.0220 -0.4844 0.8745
3.6000 -7.6590 4.8729 -0.2144 -0.0104 -0.0220 -0.4760 0.8791
3.7000 -7.5211 4.6906 -0.2029 -0.0112 -0.0217 -0.4671 0.8838
3.8000 -7.3758 4.5079 -0.1935 -0.0118 -0.0223 -0.4573 0.8890
3.9000 -7.2185 4.3142 -0.1814 -0.0125 -0.0238 -0.4462 0.8946
4.0000 -7.0470 4.1143 -0.1695 -0.0125 -0.0257 -0.4345 0.9002
4.1000 -6.8743 3.9155 -0.1524 -0.0123 -0.0267 -0.4232 0.9056
4.2000 -6.6606 3.7029 -0.1356 -0.0137 -0.0250 -0.4105 0.9114
4.3000 -6.4254 3.4905 -0.1191 -0.0151 -0.0216 -0.3965 0.9177
4.4000 -6.1887 3.2751 -0.0993 -0.0147 -0.0183 -0.3828 0.9236
4.5000 -5.9301 3.0439 -0.0774 -0.0125 -0.0166 -0.3694 0.9291
4.6000 -5.6536 2.8216 -0.0562 -0.0116 -0.0157 -0.3541 0.9350
4.7000 -5.3610 2.6012 -0.0396 -0.0117 -0.0150 -0.3385 0.9408
4.8000 -5.0556 2.3904 -0.0263 -0.0127 -0.0133 -0.3230 0.9462
4.9000 -4.7311 2.1873 -0.0124 -0.0124 -0.0121 -0.3081 0.9512
5.0000 -4.3874 1.9628 0.0054 -0.0111 -0.0122 -0.2900 0.9569
5.1000 -4.0208 1.7615 0.0197 -0.0092 -0.0138 -0.2739 0.9616
5.2000 -3.6378 1.5612 0.0327 -0.0079 -0.0142 -0.2560 0.9665
5.3000 -3.2076 1.3589 0.0457 -0.0071 -0.0128 -0.2374 0.9713
5.4000 -2.7531 1.1756 0.0557 -0.0080 -0.0109 -0.2170 0.9761
5.5000 -2.3059 0.9938 0.0615 -0.0086 -0.0097 -0.1974 0.9802
5.6000 -1.8149 0.8161 0.0754 -0.0062 -0.0079 -0.1789 0.9838
5.7000 -1.3040 0.6398 0.0868 -0.0026 -0.0067 -0.1626 0.9867
5.8000 -0.7759 0.4764 0.1036 0.0018 -0.0062 -0.1424 0.9898
5.9000 -0.2109 0.3279 0.1096 0.0047 -0.0063 -0.1225 0.9924
6.0000 0.3684 0.2140 0.1182 0.0053 -0.0067 -0.1017 0.9948
6.1000 0.9872 0.1263 0.1173 0.0047 -0.0071 -0.0824 0.9966
6.2000 1.6026 0.0366 0.1329 0.0043 -0.0078 -0.0651 0.9978
6.3000 2.2544 -0.0247 0.1403 0.0044 -0.0084 -0.0495 0.9987
6.4000 2.9367 -0.0721 0.1535 0.0059 -0.0083 -0.0357 0.9993
6.5000 3.6440 -0.1040 0.1660 0.0063 -0.0082 -0.0227 0.9997
6.6000 4.3600 -0.1143 0.1811 0.0059 -0.0086 -0.0116 0.9999
6.7000 5.1112 -0.1077 0.1935 0.0050 -0.0083 -0.0014 1.0000
6.8000 5.8603 -0.1030 0.2095 0.0036 -0.0073 0.0083 0.9999
6.9000 6.6609 -0.0722 0.2272 0.0031 -0.0059 0.0153 0.9999
7.0000 7.4453 -0.0360 0.2372 0.0011 -0.0055 0.0192 0.9998
7.1000 8.2327 0.0072 0.2517 -0.0019 -0.0067 0.0222 0.9997
7.2000 9.0696 0.0497 0.2622 -0.0024 -0.0074 0.0229 0.9997
7.3000 9.9051 0.0845 0.2798 -0.0012 -0.0072 0.0239 0.9997
7.4000 10.7752 0.1265 0.2943 -0.0001 -0.0062 0.0244 0.9997
7.5000 11.6538 0.1705 0.3095 -0.0007 -0.0063 0.0245 0.9997
7.6000 12.5608 0.2185 0.3248 -0.0022 -0.0080 0.0243 0.9997
7.7000 13.4555 0.2653 0.3417 -0.0034 -0.0091 0.0248 0.9996
7.8000 14.3764 0.3201 0.3566 -0.0055 -0.0096 0.0260 0.9996
7.9000 15.3236 0.3762 0.3775 -0.0055 -0.0086 0.0259 0.9996
8.0000 16.2760 0.4243 0.4026 -0.0044 -0.0075 0.0269 0.9996
8.1000 17.2340 0.4810 0.4178 -0.0042 -0.0069 0.0282 0.9996
8.2000 18.2109 0.5381 0.4418 -0.0035 -0.0072 0.0301 0.9995
8.3000 19.1947 0.5957 0.4650 -0.0025 -0.0074 0.0318 0.9995
8.4000 20.1885 0.6644 0.4836 -0.0019 -0.0076 0.0335 0.9994
8.5000 21.2082 0.7381 0.5007 -0.0018 -0.0062 0.0366 0.9993
8.6000 22.2438 0.8120 0.5184 -0.0014 -0.0044 0.0377 0.9993
8.7000 23.2696 0.8981 0.5319 -0.0012 -0.0025 0.0388 0.9992
8.8000 24.3232 0.9811 0.5443 -0.0015 -0.0016 0.0406 0.9992
8.9000 25.3747 1.0678 0.5575 -0.0021 -0.0033 0.0428 0.9991
9.0000 26.4173 1.1534 0.5675 -0.0031 -0.0060 0.0425 0.9991
9.1000 27.4916 1.2529 0.5835 -0.0029 -0.0072 0.0440 0.9990
9.2000 28.5706 1.3486 0.6043 -0.0022 -0.0050 0.0446 0.9990
9.3000 29.6549 1.4493 0.6173 -0.0007 -0.0021 0.0451 0.9990
9.4000 30.7414 1.5372 0.6430 0.0020 -0.0008 0.0459 0.9989
9.5000 31.8356 1.6311 0.6570 0.0034 -0.0024 0.0463 0.9989
9.6000 32.8967 1.7324 0.6724 0.0027 -0.0047 0.0468 0.9989
9.7000 33.9777 1.8352 0.6897 0.0019 -0.0058 0.0459 0.9989
9.8000 35.0896 1.9398 0.7115 0.0004 -0.0051 0.0456 0.9989
9.9000 36.1821 2.0441 0.7313 -0.0014 -0.0043 0.0448 0.9990
10.0000 37.2733 2.1435 0.7523 -0.0018 -0.0033 0.0441 0.9990
10.1000 38.3902 2.2426 0.7704 -0.0017 -0.0019 0.0433 0.9991
10.2000 39.5008 2.3548 0.7816 -0.0047 -0.0002 0.0428 0.9991
10.3000 40.6105 2.4497 0.7952 -0.0061 -0.0001 0.0417 0.9991
10.4000 41.7437 2.5486 0.8102 -0.0062 -0.0012 0.0413 0.9991
10.5000 42.8393 2.6430 0.8207 -0.0084 -0.0030 0.0399 0.9992
10.6000 43.9802 2.7339 0.8370 -0.0078 -0.0029 0.0393 0.9992
10.7000 45.0865 2.8182 0.8498 -0.0077 -0.0021 0.0379 0.9992
10.8000 46.2143 2.9050 0.8710 -0.0073 -0.0023 0.0365 0.9993
10.9000 47.3578 2.9945 0.8819 -0.0085 -0.0047 0.0354 0.9993
11.0000 48.4810 3.0785 0.9042 -0.0082 -0.0064 0.0354 0.9993
11.1000 49.6116 3.1489 0.9259 -0.0073 -0.0058 0.0355 0.9993
11.2000 50.7709 3.2310 0.9504 -0.0055 -0.0043 0.0354 0.9993
11.3000 51.9022 3.3085 0.9702 -0.0039 -0.0034 0.0349 0.9994
11.4000 53.0513 3.3859 0.9946 -0.0015 -0.0037 0.0347 0.9994
11.5000 54.2377 3.4624 1.0125 -0.0011 -0.0037 0.0348 0.9994
11.6000 55.3854 3.5309 1.0317 0.0013 -0.0022 0.0346 0.9994
11.7000 56.5841 3.6100 1.0491 0.0029 0.0008 0.0345 0.9994
11.8000 57.7292 3.6845 1.0584 0.0029 0.0015 0.0342 0.9994
11.9000 58.9034 3.7694 1.0703 0.0018 -0.0013 0.0341 0.9994
12.0000 60.0886 3.8565 1.0871 -0.0001 -0.0057 0.0341 0.9994
12.1000 61.2528 3.9516 1.1107 -0.0032 -0.0077 0.0343 0.9994
12.2000 62.4457 4.0391 1.1374 -0.0040 -0.0071 0.0340 0.9994
12.3000 63.6546 4.1244 1.1631 -0.0045 -0.0061 0.0342 0.9994
12.4000 64.8241 4.2099 1.1891 -0.0041 -0.0046 0.0343 0.9994
12.5000 66.0074 4.2866 1.2134 -0.0038 -0.0037 0.0339 0.9994
12.6000 67.2278 4.3719 1.2402 -0.0039 -0.0031 0.0338 0.9994
12.7000 68.3860 4.4641 1.2565 -0.0046 -0.0016 0.0344 0.9994
12.8000 69.6024 4.5486 1.2734 -0.0045 0.0002 0.0345 0.9994
12.9000 70.7499 4.6336 1.2891 -0.0053 -0.0026 0.0345 0.9994
13.0000 71.9140 4.7134 1.3140 -0.0055 -0.0072 0.0345 0.9994
13.1000 73.0908 4.7931 1.3399 -0.0059 -0.0093 0.0344 0.9993
13.2000 74.2236 4.8718 1.3717 -0.0041 -0.0096 0.0345 0.9993
13.3000 75.3800 4.9415 1.4182 -0.0005 -0.0107 0.0347 0.9993
13.4000 76.5705 5.0234 1.4524 -0.0010 -0.0112 0.0338 0.9994
13.5000 77.7222 5.0936 1.4831 0.0026 -0.0089 0.0337 0.9994
13.6000 78.8936 5.1673 1.5207 0.0033 -0.0052 0.0334 0.9994
13.7000 80.0724 5.2516 1.5481 0.0022 -0.0029 0.0327 0.9995
13.8000 81.2217 5.3384 1.5700 0.0009 -0.0012 0.0323 0.9995
13.9000 82.3860 5.4152 1.5919 -0.0008 -0.0002 0.0318 0.9995
14.0000 83.5201 5.4997 1.6067 -0.0030 -0.0009 0.0315 0.9995
