0.0000 0.0000 0.0000 0.0000 0.0000 0.0000 0.0000 1.0000
0.1000 0.6165 -0.0406 0.0148 0.0002 0.0003 0.0028 1.0000
0.2000 1.2552 -0.0704 0.0120 0.0005 0.0004 0.0038 1.0000
0.3000 1.9107 -0.0659 0.0116 0.0011 0.0002 0.0042 1.0000
0.4000 2.5300 -0.0445 0.0171 0.0019 0.0003 0.0040 1.0000
0.5000 3.1505 -0.0401 0.0261 0.0034 0.0010 0.0029 1.0000
0.6000 3.7594 -0.0296 0.0311 0.0040 0.0013 0.0007 1.0000
0.7000 4.3555 -0.0452 0.0307 0.0045 0.0015 -0.0028 1.0000
0.8000 4.9541 -0.0718 0.0285 0.0062 0.0022 -0.0063 1.0000
0.9000 5.5411 -0.0897 0.0300 0.0075 0.0022 -0.0096 0.9999
1.0000 6.1175 -0.0876 0.0452 0.0096 0.0021 -0.0131 0.9999
1.1000 6.6601 -0.1141 0.0463 0.0105 0.0019 -0.0167 0.9998
1.2000 7.2142 -0.1418 0.0520 0.0109 0.0016 -0.0200 0.9997
1.3000 7.7363 -0.1675 0.0466 0.0112 0.0013 -0.0232 0.9997
1.4000 8.2406 -0.1998 0.0626 0.0122 0.0010 -0.0264 0.9996
1.5000 8.7579 -0.2330 0.0566 0.0140 0.0016 -0.0297 0.9995
1.6000 9.2264 -0.2576 0.0660 0.0150 0.0022 -0.0329 0.9993
1.7000 9.6966 -0.3170 0.0685 0.0155 0.0026 -0.0356 0.9992
1.8000 10.1477 -0.3270 0.0708 0.0150 0.0031 -0.0385 0.9991
1.9000 10.5820 -0.3593 0.0827 0.0150 0.0037 -0.0413 0.9990
2.0000 10.9847 -0.4126 0.0836 0.0153 0.0039 -0.0439 0.9989
2.1000 11.3722 -0.4610 0.0777 0.0160 0.0042 -0.0462 0.9988
2.2000 11.7327 -0.4953 0.0919 0.0170 0.0044 -0.0483 0.9987
2.3000 12.0908 -0.5231 0.0915 0.0177 0.0045 -0.0504 0.9986
2.4000 12.3839 -0.5389 0.0918 0.0176 0.0041 -0.0524 0.9985
2.5000 12.7023 -0.5927 0.0926 0.0174 0.0033 -0.0538 0.9984
2.6000 12.9582 -0.6137 0.0953 0.0172 0.0022 -0.0547 0.9984
2.7000 13.2267 -0.6326 0.0936 0.0173 0.0006 -0.0551 0.9983
2.8000 13.4752 -0.6652 0.1033 0.0183 -0.0014 -0.0549 0.9983
2.9000 13.7354 -0.7080 0.1052 0.0193 -0.0020 -0.0536 0.9984
3.0000 13.9911 -0.7260 0.1043 0.0198 -0.0022 -0.0509 0.9985
3.1000 14.2446 -0.7495 0.1110 0.0196 -0.0022 -0.0469 0.9987
3.2000 14.4771 -0.7610 0.1078 0.0187 -0.0031 -0.0416 0.9990
3.3000 14.7288 -0.7560 0.1210 0.0180 -0.0050 -0.0353 0.9992
3.4000 14.9658 -0.7628 0.1260 0.0180 -0.0068 -0.0279 0.9994
3.5000 15.1908 -0.7543 0.1326 0.0182 -0.0080 -0.0195 0.9996
3.6000 15.4252 -0.7540 0.1411 0.0182 -0.0084 -0.0097 0.9998
3.7000 15.6554 -0.7241 0.1409 0.0176 -0.0087 0.0001 0.9998
3.8000 15.8916 -0.7241 0.1385 0.0174 -0.0098 0.0112 0.9997
3.9000 16.1473 -0.6940 0.1466 0.0178 -0.0116 0.0236 0.9995
4.0000 16.4040 -0.6668 0.1463 0.0189 -0.0134 0.0364 0.9991
4.1000 16.6708 -0.6249 0.1668 0.0192 -0.0142 0.0498 0.9985
4.2000 16.9708 -0.5645 0.1812 0.0178 -0.0137 0.0639 0.9977
4.3000 17.2914 -0.4875 0.1860 0.0156 -0.0119 0.0785 0.9967
4.4000 17.5831 -0.4094 0.1899 0.0147 -0.0091 0.0935 0.9955
4.5000 17.9497 -0.3137 0.2100 0.0157 -0.0070 0.1087 0.9939
4.6000 18.2580 -0.2268 0.2360 0.0161 -0.0062 0.1240 0.9921
4.7000 18.6252 -0.1138 0.2428 0.0160 -0.0060 0.1404 0.9900
4.8000 18.9657 0.0449 0.2399 0.0148 -0.0055 0.1571 0.9875
4.9000 19.2974 0.1775 0.2417 0.0147 -0.0048 0.1733 0.9848
5.0000 19.7096 0.3450 0.2491 0.0159 -0.0048 0.1906 0.9815
5.1000 20.0727 0.5252 0.2703 0.0182 -0.0058 0.2080 0.9779
5.2000 20.4231 0.7197 0.2878 0.0198 -0.0057 0.2258 0.9739
5.3000 20.8441 0.9596 0.2943 0.0200 -0.0047 0.2442 0.9695
5.4000 21.2600 1.2043 0.2969 0.0187 -0.0041 0.2626 0.9647
5.5000 21.6513 1.5053 0.2856 0.0180 -0.0038 0.2809 0.9596
5.6000 22.0804 1.8024 0.3074 0.0192 -0.0021 0.2997 0.9538
5.7000 22.5237 2.1234 0.3107 0.0221 0.0003 0.3184 0.9477
5.8000 22.9300 2.4763 0.3437 0.0255 0.0022 0.3368 0.9412
5.9000 23.3845 2.8722 0.3441 0.0283 0.0032 0.3562 0.9340
6.0000 23.7785 3.2822 0.3715 0.0288 0.0027 0.3746 0.9268
6.1000 24.2045 3.7510 0.3601 0.0292 0.0020 0.3926 0.9192
6.2000 24.6293 4.2365 0.3750 0.0293 0.0008 0.4088 0.9121
6.3000 25.0370 4.7443 0.3935 0.0298 0.0000 0.4229 0.9057
6.4000 25.4660 5.2688 0.4106 0.0309 0.0004 0.4359 0.8995
6.5000 25.8902 5.8256 0.4290 0.0314 0.0003 0.4474 0.8938
6.6000 26.2969 6.4242 0.4592 0.0310 -0.0007 0.4578 0.8885
6.7000 26.7173 7.0470 0.4854 0.0301 -0.0011 0.4671 0.8837
6.8000 27.1331 7.6901 0.5114 0.0290 -0.0007 0.4751 0.8794
6.9000 27.5570 8.3566 0.5354 0.0279 0.0001 0.4817 0.8759
7.0000 27.9490 9.0479 0.5451 0.0266 -0.0002 0.4857 0.8737
7.1000 28.3553 9.7355 0.5773 0.0245 -0.0027 0.4875 0.8728
7.2000 28.7994 10.4576 0.6005 0.0240 -0.0038 0.4884 0.8723
7.3000 29.2484 11.1729 0.6369 0.0248 -0.0032 0.4886 0.8721
7.4000 29.7102 11.9190 0.6586 0.0257 -0.0019 0.4889 0.8720
7.5000 30.1676 12.6831 0.6755 0.0258 -0.0021 0.4892 0.8718
7.6000 30.6245 13.4460 0.7096 0.0251 -0.0040 0.4892 0.8718
7.7000 31.0897 14.2241 0.7509 0.0241 -0.0056 0.4893 0.8718
7.8000 31.5784 15.0328 0.7710 0.0225 -0.0068 0.4898 0.8715
7.9000 32.0683 15.8523 0.8167 0.0221 -0.0062 0.4902 0.8713
8.0000 32.5651 16.6692 0.8658 0.0218 -0.0052 0.4909 0.8709
8.1000 33.0567 17.4908 0.8826 0.0220 -0.0046 0.4921 0.8703
8.2000 33.5505 18.3350 0.9213 0.0224 -0.0045 0.4934 0.8695
8.3000 34.0523 19.1706 0.9682 0.0233 -0.0048 0.4953 0.8684
8.4000 34.5601 20.0322 0.9947 0.0235 -0.0045 0.4971 0.8674
8.5000 35.0656 20.9156 1.0361 0.0236 -0.0034 0.4987 0.8664
8.6000 35.5855 21.8144 1.0508 0.0230 -0.0015 0.5005 0.8654
8.7000 36.0982 22.6996 1.0814 0.0225 0.0004 0.5021 0.8645
8.8000 36.5908 23.5988 1.1050 0.0223 0.0012 0.5033 0.8638
8.9000 37.1076 24.5184 1.1354 0.0224 -0.0001 0.5043 0.8632
9.0000 37.6224 25.4632 1.1739 0.0223 -0.0035 0.5051 0.8628
9.1000 38.1608 26.3983 1.2117 0.0223 -0.0045 0.5057 0.8624
9.2000 38.6623 27.3279 1.2542 0.0218 -0.0027 0.5063 0.8621
9.3000 39.2076 28.3015 1.2572 0.0224 0.0012 0.5071 0.8616
9.4000 39.7491 29.2563 1.3077 0.0243 0.0033 0.5078 0.8611
9.5000 40.2815 30.2161 1.3395 0.0259 0.0026 0.5083 0.8608
9.6000 40.7907 31.1546 1.3843 0.0260 0.0002 0.5085 0.8607
9.7000 41.3134 32.1008 1.4137 0.0249 -0.0015 0.5085 0.8607
9.8000 41.8275 33.0949 1.4435 0.0246 -0.0011 0.5080 0.8610
9.9000 42.3690 34.0860 1.4836 0.0229 -0.0010 0.5076 0.8613
10.0000 42.9141 35.0687 1.5206 0.0221 -0.0004 0.5071 0.8616
10.1000 43.4333 36.0272 1.5427 0.0222 0.0010 0.5066 0.8619
10.2000 43.9638 37.0135 1.5687 0.0187 0.0013 0.5060 0.8623
10.3000 44.5043 37.9775 1.6133 0.0171 0.0005 0.5051 0.8629
10.4000 45.0617 38.9799 1.6486 0.0172 -0.0004 0.5042 0.8634
10.5000 45.5879 39.9550 1.6794 0.0164 -0.0031 0.5031 0.8641
10.6000 46.1630 40.9627 1.7073 0.0167 -0.0031 0.5023 0.8645
10.7000 46.7274 41.9514 1.7404 0.0165 -0.0022 0.5016 0.8650
10.8000 47.2723 42.9310 1.7803 0.0168 -0.0018 0.5006 0.8655
10.9000 47.8463 43.9373 1.8122 0.0164 -0.0046 0.4999 0.8659
11.0000 48.4074 44.9149 1.8584 0.0172 -0.0064 0.4996 0.8660
11.1000 48.9784 45.8966 1.8861 0.0177 -0.0056 0.4997 0.8660
11.2000 49.5639 46.9005 1.9363 0.0178 -0.0038 0.4997 0.8660
11.3000 50.1395 47.8902 1.9514 0.0192 -0.0019 0.4996 0.8660
11.4000 50.7063 48.8969 2.0017 0.0216 -0.0010 0.4995 0.8660
11.5000 51.3059 49.9164 2.0320 0.0215 -0.0013 0.4994 0.8661
11.6000 51.9111 50.9374 2.0740 0.0230 0.0011 0.4991 0.8662
11.7000 52.4966 51.9456 2.0959 0.0229 0.0049 0.4991 0.8662
11.8000 53.0746 52.9606 2.1278 0.0226 0.0054 0.4987 0.8665
11.9000 53.6542 53.9702 2.1516 0.0241 0.0034 0.4987 0.8664
12.0000 54.2641 55.0225 2.1927 0.0240 -0.0016 0.4984 0.8666
12.1000 54.8266 56.0390 2.2233 0.0225 -0.0043 0.4983 0.8667
12.2000 55.4212 57.0655 2.2606 0.0220 -0.0041 0.4981 0.8668
12.3000 56.0125 58.1124 2.3146 0.0198 -0.0042 0.4981 0.8669
12.4000 56.6059 59.1338 2.3511 0.0205 -0.0019 0.4984 0.8667
12.5000 57.2101 60.1572 2.3945 0.0200 -0.0011 0.4987 0.8665
12.6000 57.8236 61.2142 2.4374 0.0194 -0.0008 0.4987 0.8666
12.7000 58.4161 62.2374 2.4669 0.0179 0.0002 0.4989 0.8665
12.8000 59.0088 63.2857 2.4879 0.0176 0.0020 0.4989 0.8665
12.9000 59.5976 64.3228 2.5353 0.0176 -0.0004 0.4989 0.8665
13.0000 60.1908 65.3471 2.5806 0.0190 -0.0050 0.4989 0.8664
13.1000 60.7826 66.3752 2.6170 0.0193 -0.0074 0.4990 0.8664
13.2000 61.3634 67.3819 2.6638 0.0205 -0.0069 0.4989 0.8664
13.3000 61.9575 68.3918 2.7397 0.0239 -0.0061 0.4988 0.8664
13.4000 62.5473 69.4105 2.7864 0.0233 -0.0070 0.4986 0.8665
13.5000 63.1403 70.4295 2.8298 0.0250 -0.0039 0.4985 0.8665
13.6000 63.7394 71.4439 2.8782 0.0237 -0.0006 0.4985 0.8666
13.7000 64.3146 72.4717 2.9207 0.0222 0.0013 0.4980 0.8669
13.8000 64.8889 73.4719 2.9552 0.0206 0.0020 0.4979 0.8670
13.9000 65.4842 74.4905 2.9936 0.0191 0.0021 0.4977 0.8672
14.0000 66.0491 75.4741 3.0209 0.0174 0.0007 0.4973 0.8674
