1403636579963555584.000000 0.951855958 0.104598761 -0.235571310 -0.605173647 -0.549916446 -0.406865299 0.407206893
1403636582463555584.000000 0.935690641 0.093693078 -0.337267995 -0.619718254 -0.563055456 -0.393183768 0.379900485
1403636585013555456.000000 0.959410727 0.130243614 0.043605167 -0.604117036 -0.522465467 -0.452309370 0.396848589
1403636585513555456.000000 0.970672727 0.128214553 -0.165521830 -0.614036977 -0.540686369 -0.442388177 0.367300481
1403636588163555584.000000 1.275182128 0.067422695 -0.248882860 -0.716400921 -0.567788005 -0.302327126 0.270157039
1403636590713555456.000000 0.793869436 0.026714064 -0.227582783 -0.673235893 -0.605384827 -0.294186682 0.306132078
1403636593263555584.000000 0.878912270 0.256617665 -0.276794255 -0.617762208 -0.645615637 -0.250890672 0.372295886
1403636594113555456.000000 0.968188167 -0.074949153 -0.295565844 -0.722665668 -0.538262367 -0.310637832 0.302542895
1403636594263555584.000000 1.054205179 -0.070926994 -0.296946853 -0.744403303 -0.510564446 -0.327013433 0.279732108
1403636594663555584.000000 1.242244005 0.082485378 -0.301367044 -0.741399467 -0.493885130 -0.362637520 0.273675740
1403636596163555584.000000 1.081470251 -0.049929209 -0.345516562 -0.696895003 -0.570579410 -0.321775794 0.291953504
1403636596513555456.000000 0.980331719 -0.170903206 -0.311438084 -0.698932052 -0.558687866 -0.333880305 0.296455532
1403636597013555456.000000 0.927254379 -0.146246254 -0.303508580 -0.685590029 -0.570587754 -0.344598383 0.292656809
1403636598513555456.000000 0.936983109 0.040938854 -0.363689601 -0.611340463 -0.667891204 -0.283421338 0.316000789
1403636601263555584.000000 1.012279749 0.258236706 -0.532481134 -0.542505682 -0.583354890 -0.380252004 0.469886184
1403636603763555584.000000 1.012324691 0.258410990 -0.532627881 -0.542563319 -0.583264470 -0.380347580 0.469854534
1403636606263555584.000000 1.012310743 0.258422136 -0.532743216 -0.542519748 -0.583272219 -0.380380869 0.469868273
1403636608763555584.000000 1.012162924 0.258284301 -0.532703221 -0.542532325 -0.583262086 -0.380483598 0.469783217
1403636611263555584.000000 1.012122154 0.258090645 -0.532608807 -0.542604744 -0.583382666 -0.380286127 0.469709694
1403636613763555584.000000 1.012704134 0.258077890 -0.532887280 -0.542398155 -0.583107293 -0.380868047 0.469818890
1403636616263555584.000000 1.012773633 0.258111060 -0.532894433 -0.542506993 -0.583065331 -0.380669206 0.469906330
1403636618763555584.000000 1.012787700 0.258201212 -0.532920539 -0.542518973 -0.583016455 -0.380652100 0.469967008
1403636621263555584.000000 1.012874007 0.258314878 -0.532984436 -0.542246819 -0.583215356 -0.381147414 0.469632715
1403636623763555584.000000 1.013470769 0.258545756 -0.532932878 -0.543692648 -0.581551373 -0.380450249 0.470589012
1403636626663555584.000000 1.077970862 0.294928849 -0.167701364 -0.533375144 -0.600624382 -0.390847594 0.449443549
1403636629563555584.000000 1.569841266 0.386349142 -0.022192959 -0.625507653 -0.527752459 -0.421591282 0.390484661
1403636630663555584.000000 2.062221289 0.687367618 -0.058892027 -0.674865365 -0.467972785 -0.471504390 0.321312875
1403636633013555456.000000 2.809611082 1.614117980 -0.206682593 -0.626785636 -0.532354772 -0.432840973 0.369305879
1403636634963555584.000000 3.363557339 2.833520174 -0.267751157 -0.593192399 -0.565926909 -0.416010827 0.393426806
1403636637213555456.000000 4.026428223 4.345808506 -0.002220292 -0.582013547 -0.572195947 -0.414620042 0.402420551
1403636638213555456.000000 4.078697205 4.805291176 0.086744234 -0.576690733 -0.574078858 -0.410912514 0.411111087
1403636638563555584.000000 4.094419479 4.966075897 0.018690867 -0.601816237 -0.580752134 -0.373453945 0.401343286
1403636638963555584.000000 4.153627396 5.201129913 0.025170997 -0.586934149 -0.577736974 -0.393171847 0.408832699
1403636641613555456.000000 4.831869602 6.621497154 -0.183331624 -0.553196132 -0.596430182 -0.391743839 0.429862738
1403636643413555456.000000 5.118705273 6.945353031 -0.178028598 -0.594423115 -0.563354015 -0.409340501 0.402161360
1403636643863555584.000000 5.207619667 7.052598476 -0.118235759 -0.601800919 -0.578756988 -0.392434895 0.385837793
1403636644313555456.000000 5.306749821 7.260265350 -0.099336006 -0.600236297 -0.567478001 -0.394871354 0.402196318
1403636647213555456.000000 6.613011837 9.179425240 -0.215659708 -0.676346302 -0.455722034 -0.474233001 0.331626713
1403636647563555584.000000 6.786914825 9.339360237 -0.195498884 -0.669801652 -0.451182872 -0.475853056 0.348373026
1403636647913555456.000000 6.972531796 9.452438354 -0.169668570 -0.674211502 -0.445440292 -0.480593443 0.340663761
1403636649513555456.000000 7.803187847 9.479091644 -0.152391642 -0.752536595 -0.313405961 -0.532632351 0.227526486
1403636649813555456.000000 7.932944775 9.460006714 -0.015701802 -0.749470770 -0.299071997 -0.543322027 0.231626198
1403636652263555584.000000 8.219821930 8.658671379 -0.000972129 -0.807835579 -0.084321082 -0.578096867 0.078074694
1403636654763555584.000000 8.207131386 7.475060463 0.004770530 0.816878617 -0.062848561 0.572253585 0.035851955
1403636655113555456.000000 8.149774551 7.354693890 0.003463257 0.805929601 -0.079605483 0.584331334 0.051936012
1403636655463555584.000000 8.064954758 7.245912075 -0.033935390 0.796137929 -0.098923892 0.594128489 0.058223382
1403636656163555584.000000 7.760491848 7.009028912 -0.158381596 0.799546957 -0.195337892 0.557219207 0.109883584
1403636656813555456.000000 7.526300907 6.699090004 -0.093056150 0.787102163 -0.192172840 0.572215378 0.126922190
1403636658813555456.000000 6.528684616 5.546210289 -0.297204942 0.801104128 -0.188054219 0.547567248 0.151782423
1403636659213555456.000000 6.402622700 5.325515747 -0.397951812 0.785808861 -0.193309531 0.569535315 0.144102573
1403636659863555584.000000 6.203464508 5.086886883 -0.531451941 0.791095614 -0.196186692 0.560547113 0.146511003
1403636660913555456.000000 6.135015965 4.900466442 -0.876098692 0.792848170 -0.184207618 0.555811465 0.168916881
1403636661213555456.000000 6.192798138 4.915467262 -1.014559865 0.786556602 -0.193418786 0.565544903 0.155167475
1403636663563555584.000000 6.191741943 5.452194691 -1.289483905 0.818280816 -0.204111740 0.516123712 0.149569914
1403636663913555456.000000 6.303783894 5.441352367 -1.382908225 0.816246390 -0.183126062 0.520296991 0.171749055
1403636664863555584.000000 6.937181473 5.760797501 -1.531477213 0.794365406 -0.170932233 0.567461610 0.133240998
1403636667613555456.000000 8.210067749 7.116479874 -1.415995836 0.806622565 -0.169895276 0.554576337 0.113757536
1403636668913555456.000000 8.767280579 7.480425835 -1.587563872 0.799492657 -0.166286811 0.556212723 0.154232681
1403636669213555456.000000 8.929449081 7.616836071 -1.596596837 0.790099561 -0.179143399 0.569606960 0.138557628
1403636669713555456.000000 9.144649506 7.915276527 -1.663675308 0.774451256 -0.175571114 0.591051340 0.141627759
1403636670063555584.000000 9.210876465 8.164094925 -1.668351769 0.776763916 -0.209467128 0.587840199 0.084884368
1403636670313555456.000000 9.188714981 8.293981552 -1.636035323 0.767553687 -0.214629069 0.601677120 0.052728426
1403636673263555584.000000 7.440477848 6.107268810 -1.086926699 -0.829333246 -0.146934107 -0.534292281 0.071752511
1403636674063555584.000000 7.653483868 6.255837440 -1.079288244 -0.807472110 -0.165309325 -0.559354544 0.088228166
1403636676863555584.000000 8.868629456 7.992210865 -1.566893458 -0.722643971 -0.393557101 -0.493974119 0.280870259
1403636677663555584.000000 9.063086510 8.641916275 -1.671023965 -0.673642576 -0.429630250 -0.508034706 0.321751952
1403636680463555584.000000 8.962090492 9.382565498 -1.333696842 -0.388900429 -0.707231939 -0.344748110 0.479299754
1403636683263555584.000000 7.405548096 8.041265488 -1.252387881 -0.419278502 -0.692472935 -0.312874079 0.496786386
1403636686063555584.000000 6.189898014 6.216501236 -1.316485524 -0.419513553 -0.700964570 -0.299742162 0.492759436
1403636688713555456.000000 5.428399086 4.824144363 -1.601269364 -0.405768305 -0.707646310 -0.306032211 0.490849346
1403636689813555456.000000 5.045643330 4.353034019 -1.584072828 -0.406770617 -0.727691889 -0.243629307 0.495627850
1403636690013555456.000000 4.975469589 4.324331284 -1.551076293 -0.414366722 -0.718615413 -0.237700179 0.505361915
1403636690363555584.000000 4.877438545 4.348746300 -1.506627440 -0.405120045 -0.725868464 -0.257745057 0.492504120
1403636690563555584.000000 4.820477009 4.394509315 -1.468410015 -0.407971054 -0.720637918 -0.254564166 0.499437422
1403636691263555584.000000 4.810078621 4.696769714 -1.498197556 -0.395926148 -0.674534500 -0.264842689 0.564007103
1403636693863555584.000000 6.145566940 5.039027214 -0.770794392 -0.393597007 -0.734203398 -0.258063942 0.489315629
1403636694663555584.000000 6.170248508 5.253824711 -0.721173763 -0.384761155 -0.723284841 -0.267942518 0.506976128
1403636695163555584.000000 6.191854000 5.375149250 -0.767264068 -0.394845545 -0.715759099 -0.262639165 0.512646675
1403636698113555456.000000 6.042009830 5.375717640 -0.715796828 -0.462531686 -0.675475180 -0.331006914 0.469288915
1403636700963555584.000000 5.551181316 4.729310989 -1.191761136 -0.740563989 -0.349244058 -0.511545360 0.260604978
1403636703413555456.000000 6.275541306 4.516893387 -1.610020518 -0.773268223 -0.258522362 -0.537378073 0.215516269
1403636704813555456.000000 6.875807285 4.585721970 -1.693778634 -0.785032094 -0.293427527 -0.511416137 0.189943567
1403636705313555456.000000 7.176164627 4.755070210 -1.777639031 -0.769923270 -0.296594203 -0.530273259 0.195090428
1403636705663555584.000000 7.398903847 4.942351818 -1.812626719 -0.776601195 -0.297179371 -0.521136343 0.192333147
1403636706013555456.000000 7.627367973 5.167820454 -1.864918113 -0.768821657 -0.280340284 -0.531661749 0.218308106
1403636706213555456.000000 7.760970592 5.287669659 -1.870575666 -0.764773905 -0.278670520 -0.535494387 0.225187346
1403636706913555456.000000 8.202696800 5.671458721 -1.936512589 -0.772339642 -0.300468802 -0.525067985 0.193684056
1403636707313555456.000000 8.435750961 5.945707321 -1.897134662 -0.771742404 -0.291347355 -0.533274472 0.187480077
1403636707713555456.000000 8.651720047 6.262939453 -1.790971279 -0.780118883 -0.280477792 -0.523980498 0.195425540
1403636709963555584.000000 9.763880730 7.826475143 -2.007480383 -0.765472531 -0.286759853 -0.546167791 0.183088243
1403636712763555584.000000 9.162056923 9.091150284 -1.929120302 -0.681857526 -0.410104483 -0.520822048 0.309239417
1403636715363555584.000000 7.778433323 8.158879280 -1.423803806 -0.644489467 -0.517901719 -0.437299132 0.353808910
1403636718263555584.000000 7.213154316 7.001346588 -1.390014291 -0.526589572 -0.623239696 -0.380628288 0.435198754
1403636720763555584.000000 6.352522850 5.895251274 -1.668658972 -0.495117366 -0.650528967 -0.334327400 0.468930840
1403636723263555584.000000 6.311675072 5.044661522 -1.713241935 -0.571395516 -0.579598606 -0.404626161 0.416953653
1403636726213555456.000000 5.980176449 4.159806252 -1.393430233 -0.653430879 -0.489781767 -0.456682831 0.352962762
1403636728713555456.000000 5.687621593 3.562780380 -0.867915452 -0.637210369 -0.502870739 -0.448753446 0.373770535
1403636731663555584.000000 4.851004601 2.605911255 -0.733571231 -0.612176597 -0.538278461 -0.416603565 0.402414769
1403636734213555456.000000 4.414827824 1.754315495 -0.703293085 -0.595068216 -0.554552138 -0.428650975 0.393222719
1403636736713555456.000000 3.683525324 1.094728827 -0.373479694 -0.561780155 -0.587261915 -0.416445881 0.407553017
1403636739063555584.000000 3.210901022 0.861702442 -0.232367888 -0.645270169 -0.500265598 -0.427438110 0.388146162
1403636741963555584.000000 3.667898178 0.728833020 -1.016763091 -0.720286250 -0.393403262 -0.502857506 0.271211922
1403636744713555456.000000 4.216595650 1.226171374 -1.950741291 -0.733349621 -0.335796535 -0.519863367 0.281391591
1403636747413555456.000000 4.376025677 1.525501013 -2.151068687 -0.735955119 -0.351465642 -0.522689581 0.248269379
1403636750163555584.000000 4.424034595 1.958960414 -1.505813360 -0.732420266 -0.326700777 -0.543527365 0.247800812
1403636751663555584.000000 4.132633686 1.835154891 -0.853247106 -0.743992567 -0.338555694 -0.509756267 0.268335283
1403636752163555584.000000 4.115985870 1.825579405 -0.682037294 -0.740161002 -0.365451783 -0.502454340 0.257189333
1403636755063555584.000000 3.587466002 1.677653551 -0.336087435 -0.545225501 -0.598060250 -0.406516731 0.424025148
1403636756763555584.000000 2.581701994 1.119098544 -0.242045134 -0.542232573 -0.601455927 -0.397508770 0.431533933
1403636757113555456.000000 2.361357689 0.969417989 -0.207065865 -0.541819155 -0.601837933 -0.394233406 0.434514999
1403636757413555456.000000 2.176959515 0.820814550 -0.206161365 -0.541081548 -0.605994642 -0.393829703 0.429999411
1403636757813555456.000000 1.916086435 0.618194699 -0.193856254 -0.539289773 -0.635062456 -0.365435719 0.415113270
1403636758013555456.000000 1.774624348 0.547627687 -0.136175677 -0.532371461 -0.634521961 -0.362779886 0.427028358
1403636758513555456.000000 1.432108998 0.405269384 -0.073262066 -0.538030863 -0.629129827 -0.347207040 0.440642446
1403636759013555456.000000 1.171311975 0.349083155 -0.107072830 -0.528621435 -0.620254219 -0.364814907 0.450282305
1403636759313555456.000000 1.064223528 0.333181798 -0.159895748 -0.543960690 -0.601116240 -0.339523673 0.476958930
1403636759613555456.000000 1.030479312 0.312696576 -0.240183920 -0.523320436 -0.618853271 -0.367862165 0.455887973
1403636759963555584.000000 1.019997954 0.268035382 -0.276703566 -0.523650706 -0.627134800 -0.365447700 0.446026832
1403636760163555584.000000 1.015389919 0.239014000 -0.297664106 -0.531396151 -0.633345008 -0.355605245 0.435932487
1403636760563555584.000000 1.011572838 0.200069159 -0.352861881 -0.521269977 -0.626116395 -0.370101541 0.446408808
1403636761013555456.000000 0.995031655 0.146560684 -0.416779429 -0.518304229 -0.634351611 -0.370934576 0.437454462
1403636761263555584.000000 0.965808570 0.122473724 -0.451831669 -0.532022059 -0.645084679 -0.349750787 0.422483951
1403636761563555584.000000 0.917165935 0.131823838 -0.462719142 -0.521044135 -0.631967187 -0.366691232 0.441212058
1403636761813555456.000000 0.875438511 0.144237086 -0.456539929 -0.528648674 -0.617733777 -0.358059496 0.459052265
1403636762263555584.000000 0.841577828 0.151078641 -0.423563629 -0.516338348 -0.639285624 -0.379786730 0.424818486
1403636762663555584.000000 0.770319641 0.174815565 -0.465782851 -0.545705557 -0.610123813 -0.338594854 0.464012951
1403636763113555456.000000 0.793927133 0.160530522 -0.528440714 -0.552353084 -0.586028337 -0.378165603 0.456582576
1403636763363555584.000000 0.798597097 0.150273591 -0.542679965 -0.561198533 -0.577461481 -0.378367096 0.456544518
1403636763513555456.000000 0.799028277 0.141277432 -0.551519513 -0.562156320 -0.577406645 -0.377309561 0.456310600
1403636763713555456.000000 0.800325811 0.126226246 -0.563325822 0.562272966 0.577230155 0.377261847 -0.456429720
