1403636584263555584.000000 -0.036891483 -0.312312126 0.405753404 -0.639589131 -0.554394126 -0.394761533 0.357402205
1403636585263555584.000000 -0.027401842 -0.279187471 0.757651329 -0.627029777 -0.508582532 -0.459105641 0.370674461
1403636588213555456.000000 0.291575432 -0.354874164 0.537653685 -0.731120050 -0.549931884 -0.307175249 0.262072265
1403636590063555584.000000 -0.292464852 -0.346538186 0.546017110 -0.688044369 -0.596310019 -0.279804736 0.304497391
1403636592663555584.000000 0.200285792 -0.177656367 0.515433073 -0.712873876 -0.537397981 -0.339372694 0.296378821
1403636594263555584.000000 0.054622285 -0.480976522 0.492638290 -0.757566988 -0.491984516 -0.333054483 0.270403862
1403636594813555456.000000 0.243841097 -0.267967165 0.484001368 -0.742679119 -0.487379909 -0.366158575 0.277157784
1403636596213555456.000000 0.081205398 -0.479185045 0.445664287 -0.715666890 -0.547927022 -0.329743475 0.280831099
1403636596513555456.000000 -0.024123020 -0.576939821 0.478007436 -0.713464677 -0.540988326 -0.340492457 0.286992520
1403636597013555456.000000 -0.076217659 -0.549340665 0.486611664 -0.700456500 -0.553451300 -0.351022899 0.282551616
1403636599763555584.000000 0.023699008 -0.149538532 0.259564161 -0.560027659 -0.584091961 -0.386204302 0.442777574
1403636601013555456.000000 0.028441541 -0.152665809 0.256572038 -0.557853639 -0.569610298 -0.391637146 0.459307909
1403636603513555456.000000 0.028408840 -0.152686417 0.256514907 -0.558088124 -0.569353402 -0.391399890 0.459543765
1403636606013555456.000000 0.028384112 -0.152660578 0.256443322 -0.558089972 -0.569311202 -0.391386390 0.459605217
1403636608513555456.000000 0.028377522 -0.152697936 0.256461978 -0.558048129 -0.569323361 -0.391474813 0.459565759
1403636611013555456.000000 0.028409474 -0.152578965 0.256498426 -0.558111310 -0.569367349 -0.391387910 0.459508538
1403636613513555456.000000 0.028998617 -0.152837649 0.256283760 -0.557767808 -0.569407940 -0.391988754 0.459363163
1403636616013555456.000000 0.028863464 -0.152496308 0.256102681 -0.557934284 -0.569231570 -0.391768992 0.459567070
1403636618513555456.000000 0.028860532 -0.152821928 0.256189018 -0.557797670 -0.569331884 -0.391544700 0.459799677
1403636621013555456.000000 0.028935079 -0.152723789 0.256126553 -0.557934761 -0.569174945 -0.391762167 0.459642440
1403636623513555456.000000 0.029529799 -0.152654052 0.256153643 -0.558585048 -0.568094015 -0.391390443 0.460505694
1403636626113555456.000000 0.084552549 -0.162880376 0.518587589 -0.560594499 -0.589241862 -0.390176833 0.431613237
1403636628963555584.000000 0.409384161 -0.121799417 0.730021119 -0.608195722 -0.556836128 -0.410622030 0.389128655
1403636631663555584.000000 1.516434908 0.581389666 0.669149160 -0.678941429 -0.457368433 -0.475914896 0.321492851
1403636634563555584.000000 2.354184151 2.032027245 0.515258253 -0.621346474 -0.528585374 -0.438415825 0.377250165
1403636635213555456.000000 2.574628115 2.462717056 0.516973376 -0.603982210 -0.560124636 -0.418745965 0.382253528
1403636637863555584.000000 3.294229031 4.060722351 0.813781679 -0.597557306 -0.563171983 -0.415128648 0.391702503
1403636638263555584.000000 3.317652702 4.252263069 0.845494390 -0.591249526 -0.559051037 -0.421495318 0.400284380
1403636638513555456.000000 3.333340645 4.363356113 0.792765617 -0.614439547 -0.563956678 -0.387035459 0.393218189
1403636641463555584.000000 4.132246971 5.949758530 0.599143147 -0.570644140 -0.580175221 -0.398486793 0.423048824
1403636643213555456.000000 4.429996490 6.272793293 0.590799093 -0.607891381 -0.545979977 -0.422073781 0.392718405
1403636643713555456.000000 4.526787281 6.363972187 0.613654137 -0.615095198 -0.558908105 -0.405670196 0.380409569
1403636644513555456.000000 4.732976437 6.721768379 0.632340908 -0.611819744 -0.534657180 -0.409123391 0.415254533
1403636646863555584.000000 5.892127037 8.295993805 0.466966361 -0.679544091 -0.434453994 -0.490653813 0.329739958
1403636649813555456.000000 7.420181274 8.688663483 0.741446733 -0.757078171 -0.279525608 -0.548900902 0.217728540
1403636650213555456.000000 7.557136059 8.617499352 0.814923167 -0.763744175 -0.253448397 -0.560330451 0.196185097
1403636652263555584.000000 7.664621830 7.879961014 0.757732153 -0.810037613 -0.062964186 -0.579564154 0.063086659
1403636654463555584.000000 7.656514645 6.808007717 0.716182292 0.811823547 -0.038482677 0.582223296 0.021856714
1403636654763555584.000000 7.597154140 6.694912434 0.761580825 0.815280080 -0.084078453 0.570710540 0.050386224
1403636655163555584.000000 7.525765896 6.561436653 0.751868963 0.801660717 -0.101019658 0.585272014 0.067763381
1403636655563555584.000000 7.408261776 6.442912102 0.715680301 0.794776082 -0.130829141 0.587278962 0.079487666
1403636656813555456.000000 6.879754543 5.945595264 0.660336077 0.782226264 -0.212244764 0.568418264 0.141332433
1403636657163555584.000000 6.740488052 5.786177635 0.633848071 0.775602996 -0.207122579 0.580881238 0.134600163
1403636659063555584.000000 5.733532906 4.700563908 0.400182843 0.784963310 -0.212317318 0.559446096 0.160543114
1403636659313555456.000000 5.648142338 4.586045742 0.326338112 0.782234550 -0.214027599 0.563542724 0.157228947
1403636659613555456.000000 5.547649860 4.474506378 0.273696572 0.790336311 -0.214706361 0.551977873 0.156812474
1403636662263555584.000000 5.535869122 4.495663643 -0.354106128 0.780758083 -0.216777682 0.564218342 0.158372626
1403636662613555456.000000 5.501474380 4.618186474 -0.363627672 0.793540597 -0.222745463 0.544233620 0.156485423
1403636663563555584.000000 5.481253147 4.767974854 -0.539628029 0.813090861 -0.225151315 0.511646748 0.162504420
1403636663963555584.000000 5.620121002 4.752607346 -0.636179924 0.808750927 -0.199296385 0.519957900 0.189331889
1403636666763555584.000000 7.277446270 6.029040337 -0.637492120 0.799452841 -0.196212798 0.552349925 0.131473452
1403636668713555456.000000 8.046080589 6.610471249 -0.795592904 0.799994469 -0.198914602 0.546503067 0.147567287
1403636669063555584.000000 8.243338585 6.722126007 -0.842128456 0.789320588 -0.193137050 0.560538054 0.159587935
1403636669663555584.000000 8.536473274 7.046347141 -0.902168155 0.773116052 -0.196474016 0.582597971 0.155785367
1403636670013555456.000000 8.630594254 7.292577267 -0.917395949 0.770080507 -0.226398632 0.587126851 0.104889266
1403636670263555584.000000 8.626419067 7.435227871 -0.886653066 0.764675498 -0.233551472 0.595918238 0.074878111
1403636672963555584.000000 6.771704197 5.420986652 -0.310185462 -0.822454512 -0.083209798 -0.561159909 0.041764677
1403636673963555584.000000 6.950551033 5.460820675 -0.328113228 -0.810392380 -0.145769000 -0.562768459 0.072851963
1403636676663555584.000000 8.212118149 6.997611046 -0.819281399 -0.736414313 -0.371301323 -0.512258708 0.239625603
1403636677813555456.000000 8.518414497 7.904141426 -0.911376595 -0.680167794 -0.431518734 -0.491429150 0.331150591
1403636680513555456.000000 8.429495811 8.535312653 -0.571814775 -0.408002317 -0.698471427 -0.357807338 0.466525078
1403636682263555584.000000 7.412940979 7.787276268 -0.537648916 -0.437237352 -0.687305689 -0.312364459 0.488735974
1403636684963555584.000000 5.914490700 6.263970375 -0.508772612 -0.426025867 -0.687242568 -0.309562743 0.500370383
1403636687863555584.000000 4.844417572 4.569808006 -0.605944037 -0.436282039 -0.685032189 -0.304603398 0.497599900
1403636689413555456.000000 4.404648304 3.837451935 -0.916662157 -0.413454443 -0.713309228 -0.279876232 0.491848379
1403636690013555456.000000 4.176659107 3.687735081 -0.789950311 -0.433586478 -0.707577646 -0.250298947 0.498685330
1403636690463555584.000000 4.052311420 3.738806009 -0.724131644 -0.424377322 -0.714101374 -0.270760238 0.486469030
1403636690713555456.000000 3.987038851 3.814560413 -0.691633582 -0.435907274 -0.699998558 -0.254433841 0.505223095
1403636690863555584.000000 3.960146904 3.874279737 -0.706689596 -0.443123996 -0.685397923 -0.243376151 0.524060071
1403636693413555456.000000 5.323324680 4.287192822 -0.054485582 -0.410910606 -0.722274840 -0.277615607 0.482079983
1403636693913555456.000000 5.394985199 4.357302666 -0.003766485 -0.410615176 -0.719562232 -0.272917002 0.489021242
1403636695913555456.000000 5.532496929 4.849016666 0.023974948 -0.410730124 -0.704824865 -0.294798732 0.497610658
1403636696413555456.000000 5.545679092 4.929143906 -0.047841165 -0.409859449 -0.699868679 -0.302055508 0.500960767
1403636698313555456.000000 5.230949402 4.631216526 0.035501808 -0.494658470 -0.652408838 -0.351104021 0.454314440
1403636701213555456.000000 4.833927155 4.011742592 -0.459031075 -0.757988513 -0.335847199 -0.505389333 0.239252433
1403636703513555456.000000 5.553943634 3.835742235 -0.860658884 -0.778833270 -0.247235507 -0.544109046 0.190364420
1403636704613555456.000000 6.018266201 3.848456383 -0.931268036 -0.786800086 -0.268121004 -0.525270700 0.182064459
1403636705013555456.000000 6.226541996 3.912584782 -0.974098921 -0.797227085 -0.278131425 -0.506715477 0.174101323
1403636705513555456.000000 6.556019783 4.119982719 -1.039120317 -0.780293345 -0.276709676 -0.530877113 0.180951849
1403636705863555584.000000 6.791446686 4.320652962 -1.096635103 -0.778539419 -0.271357864 -0.533989549 0.187340215
1403636706363555584.000000 7.141489029 4.603639603 -1.138395786 -0.769853055 -0.272299975 -0.542828202 0.196256459
1403636706663555584.000000 7.338117123 4.750036240 -1.186351180 -0.772610605 -0.282220423 -0.538294733 0.183475927
1403636707063555584.000000 7.587404728 4.983088970 -1.172309995 -0.777749300 -0.276699036 -0.535192013 0.179201275
1403636709613555456.000000 9.090027809 6.736924648 -1.221594214 -0.773975909 -0.262669265 -0.551671803 0.166205615
1403636712113555456.000000 8.964515686 8.184054375 -1.388732672 -0.732349336 -0.338749737 -0.524354756 0.271965533
1403636714863555584.000000 7.345273972 7.541039467 -0.787085235 -0.699587822 -0.442350537 -0.469532311 0.307314932
1403636717563555584.000000 6.837201595 6.585011959 -0.609830976 -0.579016209 -0.572863936 -0.430512249 0.388878465
1403636717913555456.000000 6.730668545 6.421594620 -0.638998449 -0.571867049 -0.580933273 -0.424966097 0.393558860
1403636720663555584.000000 5.658445358 5.229016781 -0.910803676 -0.511007488 -0.639189541 -0.345191479 0.459511578
1403636723163555584.000000 5.568862915 4.377307892 -0.953048170 -0.586364746 -0.564633906 -0.414503396 0.406880707
1403636725663555584.000000 5.222951412 3.571592808 -0.637124836 -0.668638647 -0.471992642 -0.465793610 0.336424798
1403636728163555584.000000 5.024477959 3.050713301 -0.151897043 -0.647823334 -0.489417821 -0.471404999 0.344343603
1403636730863555584.000000 4.109771252 2.072955370 -0.001514608 -0.629611850 -0.542784691 -0.416658670 0.367925614
1403636733763555584.000000 3.657040596 1.354587197 0.035027307 -0.613962471 -0.541723251 -0.431406319 0.378780276
1403636736263555584.000000 2.826985121 0.591849983 0.336054564 -0.603960335 -0.548586309 -0.423332304 0.393795252
1403636738613555456.000000 2.226155758 0.320339471 0.580187082 -0.600099027 -0.564465523 -0.399223894 0.402343392
1403636741363555584.000000 2.649631500 0.226509184 -0.053384215 -0.724435329 -0.369402409 -0.513335943 0.274265468
1403636744213555456.000000 3.123385429 0.516299963 -0.843123198 -0.738484383 -0.338718593 -0.526256025 0.250928521
1403636746713555456.000000 3.503811359 0.807365119 -1.466409683 -0.759968042 -0.325114250 -0.512074590 0.233514547
1403636749413555456.000000 3.467170000 1.362062335 -0.890631676 -0.756853044 -0.295179397 -0.536339760 0.228871644
1403636750913555456.000000 3.384848833 1.288019776 -0.451140612 -0.744196475 -0.331315875 -0.530528486 0.234394848
1403636751413555456.000000 3.272816658 1.260041833 -0.197670922 -0.756304741 -0.326863110 -0.516368210 0.233511493
1403636754363555584.000000 2.975033045 1.271399736 0.392391562 -0.600564599 -0.536575317 -0.450824708 0.384923756
1403636756513555456.000000 1.795840502 0.693359137 0.535541475 -0.560574770 -0.587377846 -0.407362223 0.418089926
1403636756913555456.000000 1.534787536 0.564451098 0.546705067 -0.557567596 -0.587773263 -0.406607836 0.422269017
1403636757313555456.000000 1.278214335 0.392479420 0.579427838 -0.556837440 -0.589870453 -0.404919297 0.421930522
1403636757563555584.000000 1.117669463 0.271400154 0.567289412 -0.555878103 -0.600161552 -0.399308771 0.413954318
1403636758013555456.000000 0.801630139 0.095821455 0.645995498 -0.549171925 -0.620697260 -0.372561485 0.417544097
1403636758513555456.000000 0.454752803 -0.026395278 0.710864007 -0.554672480 -0.615152895 -0.357360244 0.431531072
1403636759013555456.000000 0.192858130 -0.068019480 0.678527951 -0.545068443 -0.606570840 -0.375181198 0.440694153
1403636759313555456.000000 0.085247174 -0.078058846 0.626484811 -0.559920549 -0.587003946 -0.350587547 0.467978448
1403636759663555584.000000 0.048143849 -0.102276787 0.536214054 -0.537994862 -0.607154071 -0.380215228 0.444254279
1403636759963555584.000000 0.037428454 -0.140938580 0.510926962 -0.540262282 -0.613619149 -0.375666827 0.436420292
1403636760163555584.000000 0.031386621 -0.169890314 0.490137041 -0.548154294 -0.619635761 -0.365546018 0.426561207
1403636760663555584.000000 0.024502937 -0.222188786 0.418228984 -0.539984584 -0.618298709 -0.376834661 0.429091036
1403636761063555584.000000 0.001250364 -0.267863780 0.364641070 -0.537938714 -0.622117281 -0.376804769 0.426157475
1403636761313555456.000000 -0.031309798 -0.285613447 0.332155704 -0.549218357 -0.632143319 -0.359033287 0.412127674
1403636761613555456.000000 -0.080389030 -0.269163251 0.327164710 -0.536511540 -0.615921497 -0.379119664 0.434815407
1403636761813555456.000000 -0.112640209 -0.258075625 0.332543373 -0.545002341 -0.604121864 -0.368626028 0.449582160
1403636762263555584.000000 -0.146047965 -0.249465227 0.365703791 -0.533199728 -0.626031399 -0.389462531 0.414851367
1403636762563555584.000000 -0.199117467 -0.234551534 0.344436944 -0.558233023 -0.610140085 -0.355134368 0.435872138
1403636762913555456.000000 -0.220302284 -0.206413716 0.278252661 -0.533109307 -0.581513166 -0.390377641 0.474596858
1403636763363555584.000000 -0.187574059 -0.244916603 0.248360634 -0.576466322 -0.563030005 -0.388927758 0.446563452
1403636763463555584.000000 -0.187220365 -0.249515891 0.243368149 -0.577166975 -0.563201070 -0.388263881 0.446020097
1403636763663555584.000000 -0.186482608 -0.261508375 0.233949348 -0.577280104 -0.562962353 -0.388075382 0.446338952
