1341846313.592026 0.000000000 0.000000000 0.000000000 -0.000000000 -0.000000000 -0.000000000 1.000000000
1341846313.654184 0.002959049 -0.001816512 -0.004618865 -0.000858660 -0.002723780 0.004484400 0.999985874
1341846313.686156 0.012365376 -0.002141791 0.000694797 -0.000016996 -0.005388577 0.004728127 0.999974310
1341846313.721918 0.021300500 0.004245744 -0.001538531 0.000794478 -0.006997336 0.005224354 0.999961555
1341846313.753994 0.027492046 0.001485845 0.002800386 -0.000070016 -0.007649854 0.006315452 0.999950826
1341846313.789969 0.035162114 0.001273263 0.004475381 0.001012153 -0.008427043 0.004567608 0.999953568
1341846313.822075 0.047280759 0.008844937 0.002423935 0.001973181 -0.008167874 0.003631628 0.999958098
1341846313.853928 0.052967526 0.011164649 0.006045399 0.001849067 -0.005704761 0.002677843 0.999978483
1341846313.890011 0.060870375 0.008263708 0.004057004 0.000757180 -0.004394930 0.004405679 0.999980390
1341846313.922055 0.065650851 0.015281104 0.000304551 -0.000501544 -0.003843728 0.005128112 0.999979377
1341846313.957927 0.088744700 0.015439686 0.009569944 -0.002310676 -0.001620713 0.005694353 0.999979794
1341846313.990058 0.082390584 0.014155612 0.005319535 -0.003888823 0.006140850 0.007169908 0.999947906
1341846314.022042 0.086169034 0.019909153 0.001254496 -0.005630343 0.007694202 0.008667312 0.999917030
1341846314.057816 0.101687387 0.019570684 0.013924512 -0.008979349 0.009085742 0.010038034 0.999868095
1341846314.089801 0.110317670 0.017380886 0.017758828 -0.008310192 0.013819437 0.010257668 0.999817371
1341846314.122037 0.109584391 0.026619885 0.012225012 -0.008616021 0.018210428 0.013257172 0.999709189
1341846314.157989 0.122433566 0.020906219 0.019734235 -0.011511291 0.020309787 0.014190222 0.999626815
1341846314.190094 0.124503419 0.021056568 0.016875006 -0.011435793 0.024628026 0.015472937 0.999511540
1341846314.225969 0.130179018 0.027276810 0.011033426 -0.013318175 0.026437677 0.018282300 0.999394596
1341846314.257923 0.138935626 0.021063698 0.022783989 -0.015858252 0.027914505 0.019736791 0.999289632
1341846314.290052 0.143962845 0.021364953 0.022052916 -0.014511931 0.029019136 0.018468427 0.999302864
1341846314.325981 0.152076080 0.027720738 0.018522575 -0.014758638 0.029611964 0.016809773 0.999311149
1341846314.357905 0.164016932 0.023683771 0.027040258 -0.016019063 0.031745158 0.015801249 0.999242723
1341846314.389899 0.163912609 0.021103522 0.025208209 -0.014781591 0.035124671 0.014785483 0.999164283
1341846314.427905 0.172543034 0.028424701 0.019961789 -0.014072583 0.036505189 0.013329041 0.999145508
1341846314.493987 0.181243852 0.020148596 0.021321105 -0.013578658 0.046537627 0.005307237 0.998810172
1341846314.526085 0.177226514 0.023361472 0.007728623 -0.013227583 0.050120886 0.002727419 0.998651922
1341846314.558292 0.187261432 0.022239972 0.015190280 -0.014619388 0.052477255 0.003897158 0.998507559
1341846314.594085 0.197729617 0.017434031 0.019533163 -0.013685353 0.056458760 0.003154265 0.998306215
1341846314.626096 0.195752636 0.025821045 0.008176809 -0.012398447 0.061245274 0.004470635 0.998035789
1341846314.658455 0.202134505 0.026844820 0.010259251 -0.014356770 0.063031793 0.003270632 0.997902930
1341846314.694004 0.219105437 0.016516864 0.023860347 -0.015113593 0.065308534 0.002161120 0.997748315
1341846314.725910 0.217314288 0.008811476 0.024900358 -0.012037296 0.068968885 0.006637929 0.997524142
1341846314.761942 0.221182942 0.014356817 0.020284384 -0.007549360 0.069162183 0.011165212 0.997514427
1341846314.794030 0.243079662 0.008299798 0.012535435 -0.005350148 0.069225609 0.013201643 0.997499347
1341846314.826092 0.256517738 0.007547975 0.007330286 -0.003816949 0.072072037 0.014504287 0.997286737
1341846314.862145 0.259466887 0.018409848 0.006721925 -0.002368422 0.076274708 0.015055725 0.996970356
1341846314.894072 0.266171694 0.021874404 0.016469570 -0.002337367 0.080026537 0.016442636 0.996654391
1341846314.925969 0.269917637 0.020727243 0.011026875 -0.002475634 0.082636356 0.020664552 0.996362448
1341846314.961937 0.271116465 0.029976044 0.008796195 -0.004436066 0.083420947 0.024734285 0.996197522
1341846314.994564 0.278531104 0.026382418 0.016081691 -0.008109221 0.084075406 0.023418900 0.996151209
1341846315.029900 0.292176753 0.023018165 0.014917063 -0.008766664 0.086533181 0.020815879 0.995992959
1341846315.061965 0.292466998 0.025254440 0.022175260 -0.009045213 0.089192823 0.024293454 0.995676994
1341846315.094388 0.292948604 0.021440070 0.024817210 -0.009272065 0.088668652 0.024401408 0.995719135
1341846315.129851 0.304988712 0.020983709 0.015627889 -0.007404782 0.087848611 0.023596700 0.995826781
1341846315.161941 0.310014546 0.043101754 0.002556418 -0.008074530 0.087367088 0.029313304 0.995712101
1341846315.197984 0.299962342 0.041300189 0.019607646 -0.014425219 0.087438747 0.024366247 0.995767355
1341846315.230076 0.318832576 0.033021651 0.008312841 -0.018958613 0.084133804 0.021513453 0.996041834
1341846315.262069 0.320036709 0.034445550 0.015021904 -0.022014130 0.081759706 0.024297155 0.996112645
1341846315.298000 0.325473756 0.026611025 0.025640596 -0.024555309 0.077923164 0.025216687 0.996337891
1341846315.329931 0.336597025 0.012205602 0.036051705 -0.022599693 0.075793795 0.026251931 0.996521711
1341846315.361981 0.342813224 0.017614692 0.027797401 -0.016867938 0.074823342 0.030115806 0.996599257
1341846315.397962 0.354055762 0.020371919 0.027738206 -0.013720740 0.074052691 0.034424152 0.996565640
1341846315.429923 0.361193925 0.022763805 0.022332858 -0.010654769 0.075517014 0.035592128 0.996452212
1341846315.466047 0.372547686 0.029555360 0.011403609 -0.009194272 0.078091145 0.038138591 0.996174037
1341846315.497883 0.370328009 0.031166304 0.014465678 -0.009965044 0.081666544 0.041931223 0.995727420
1341846315.530008 0.367861807 0.032260083 0.017245589 -0.009771073 0.083822198 0.041802146 0.995555639
1341846315.566108 0.370529681 0.036022644 0.017267138 -0.010129118 0.085160546 0.042880978 0.995392561
1341846315.597986 0.371574700 0.032568540 0.018864406 -0.010690734 0.086583368 0.042154673 0.995294988
1341846315.630109 0.373457283 0.032525528 0.018772738 -0.010558723 0.087663114 0.041100267 0.995245934
1341846315.666042 0.376944929 0.038608398 0.005372528 -0.010953902 0.088984966 0.040714297 0.995140254
1341846315.698114 0.382011890 0.045659531 0.004360336 -0.015160782 0.091887593 0.039494023 0.994870424
1341846315.733985 0.370201588 0.031158868 0.023962317 -0.019365361 0.096000791 0.039750502 0.994398713
1341846315.766041 0.361684591 0.031445004 0.016919941 -0.019008195 0.094525643 0.040572438 0.994513750
1341846315.798188 0.369132698 0.031026451 0.017047895 -0.020019067 0.092928506 0.039900362 0.994671643
1341846315.834140 0.372325331 0.020118440 0.019227082 -0.020392360 0.094530106 0.039709553 0.994520664
1341846315.866751 0.368053287 0.021858055 0.017254476 -0.017782966 0.096353620 0.038948826 0.994425833
1341846315.898492 0.360050291 0.021552240 0.014617117 -0.016429797 0.097858734 0.038247678 0.994329393
1341846315.936901 0.358558536 0.013877092 0.015873723 -0.014555424 0.099264152 0.037397109 0.994251668
1341846315.966572 0.348897815 0.015040142 0.014555488 -0.010891262 0.101481937 0.036430843 0.994110525
1341846316.034204 0.337282807 0.013092361 0.011887798 -0.007364336 0.101793252 0.034854013 0.994167566
1341846316.066113 0.329256386 0.011093968 0.015470025 -0.005168349 0.102169082 0.035156284 0.994132221
1341846316.101867 0.315768361 0.015523288 0.007977484 -0.003317529 0.101882808 0.035882257 0.994143546
1341846316.134066 0.304562688 0.015703056 0.008310677 -0.004204902 0.099607587 0.032985833 0.994471073
1341846316.202049 0.289740503 0.008466717 0.011367550 -0.004380233 0.095398210 0.028656656 0.995016992
1341846316.233979 0.288186222 0.010409394 0.002207472 -0.003701797 0.093764752 0.026730308 0.995228648
1341846316.270052 0.283003718 0.010980779 0.004123895 -0.004892035 0.094902173 0.023684662 0.995192826
1341846316.301915 0.275267124 0.002008967 0.010735836 -0.005423652 0.096371643 0.022004379 0.995087385
1341846316.334208 0.274683118 0.002950361 0.021061951 -0.003503786 0.094519712 0.022994552 0.995251238
1341846316.370006 0.269669622 0.001131547 0.018495783 -0.001691920 0.093197457 0.023820851 0.995361209
1341846316.401994 0.264693409 0.003835337 0.014299412 0.000461016 0.092403807 0.026437392 0.995370507
1341846316.438069 0.258164376 -0.000874535 0.019894969 0.002221470 0.092245281 0.028354468 0.995330036
1341846316.470076 0.247884229 -0.003390018 0.021469966 0.006595531 0.092225678 0.030838434 0.995238662
1341846316.502034 0.231933817 0.010344242 0.010303106 0.009900272 0.090690725 0.031864133 0.995320022
1341846316.537975 0.228429556 0.009169120 0.004287681 0.007058631 0.087468922 0.030878685 0.995663583
1341846316.570121 0.223293647 -0.000343448 0.011169616 0.006072266 0.087267533 0.027863557 0.995776653
1341846316.601885 0.213753566 -0.003764024 0.011785327 0.007780651 0.087128386 0.026343990 0.995818317
1341846316.638009 0.204905808 -0.006871148 0.011306852 0.009839086 0.086063750 0.027798295 0.995853186
1341846316.669925 0.198864460 -0.008727018 0.012611783 0.012199258 0.085387625 0.027708864 0.995887756
1341846316.705941 0.191541955 -0.014267521 0.011007730 0.015865967 0.085668415 0.028188907 0.995798528
1341846316.738062 0.180928424 -0.005064724 0.000718457 0.019070633 0.085350305 0.031423803 0.995672762
1341846316.770433 0.171448022 -0.003476638 0.000702641 0.018136969 0.084982701 0.031611159 0.995715737
1341846316.805932 0.163834438 -0.012402877 0.008311894 0.017967677 0.085355401 0.030328853 0.995726764
1341846316.838029 0.150226668 -0.007930258 0.007373997 0.019819079 0.084485285 0.031667028 0.995724201
1341846316.870034 0.139564902 -0.011792065 0.011318639 0.019949075 0.081551284 0.033117574 0.995918989
1341846316.906344 0.132720351 -0.011026986 0.008312521 0.021172957 0.078435019 0.031989608 0.996180952
1341846316.937940 0.128173441 -0.008436850 0.005434697 0.021315385 0.077011660 0.029558806 0.996363997
1341846316.973994 0.117287844 -0.010522450 0.003303805 0.020202626 0.075628914 0.029431881 0.996496856
1341846317.005913 0.108809710 -0.012404948 0.007742985 0.019016692 0.073213592 0.030219028 0.996676981
1341846317.037936 0.101390377 -0.016973805 0.012218399 0.019093283 0.071055800 0.029374531 0.996856868
1341846317.073972 0.107956178 -0.016330419 0.010133544 0.020405212 0.067364186 0.028572652 0.997110486
1341846317.106113 0.095153153 -0.020906096 0.016084109 0.022394856 0.066522039 0.032919388 0.996990323
1341846317.137887 0.076765560 -0.022640038 0.018709883 0.025359062 0.061989442 0.036791474 0.997076094
1341846317.173970 0.073394671 -0.016853491 0.011854742 0.026997920 0.054740455 0.038513102 0.997392356
1341846317.205887 0.073531643 -0.017617643 0.013667505 0.027025186 0.051103640 0.039665792 0.997539341
1341846317.248131 0.061293080 -0.020701269 0.018017242 0.028046058 0.049145665 0.041458722 0.997536600
1341846317.306289 0.054933373 -0.017300716 0.014580262 0.029997120 0.042320754 0.045925517 0.997597158
1341846317.348137 0.053104326 -0.020657968 0.014826929 0.030959405 0.043075919 0.047178604 0.997476935
1341846317.410120 0.036722112 -0.011791508 0.022089558 0.033436812 0.042435881 0.052120954 0.997178316
1341846317.442569 0.034922983 -0.024558483 0.023474019 0.035051737 0.042447031 0.055040799 0.996965528
1341846317.474010 0.027676184 -0.022084247 0.026844852 0.040883016 0.042709440 0.058322098 0.996545613
1341846317.509927 0.011532889 -0.012511312 0.020387257 0.044503301 0.041521829 0.061648771 0.996240377
1341846317.542282 0.006104773 -0.009116165 0.020026157 0.043903321 0.038801748 0.061927337 0.996359348
1341846317.573943 0.006575498 -0.016936675 0.021992326 0.043089379 0.039264016 0.060757548 0.996448755
1341846317.610159 -0.005777813 -0.021500852 0.026148679 0.045363784 0.041902881 0.061069068 0.996221304
1341846317.643553 -0.024939325 -0.012900531 0.027254315 0.048701350 0.042325489 0.063574366 0.995889127
1341846317.677993 -0.032102112 -0.019826459 0.025978379 0.048669152 0.039159920 0.065691173 0.995882809
1341846317.709996 -0.037946042 -0.019408332 0.023501243 0.051377721 0.036502022 0.065137267 0.995884061
1341846317.741834 -0.047904089 -0.009194431 0.020943733 0.052290589 0.035810113 0.064747602 0.995887101
1341846317.777923 -0.056837417 -0.011025408 0.026710549 0.050422024 0.034986101 0.063994050 0.996061444
1341846317.810021 -0.065959759 -0.013717569 0.028833136 0.050008159 0.033576135 0.062376272 0.996233404
1341846317.841886 -0.072595209 -0.007781358 0.026449595 0.049586248 0.032150630 0.060500834 0.996417224
1341846317.878017 -0.081590869 -0.010597862 0.024858804 0.046958245 0.032181885 0.056945853 0.996752918
1341846317.909910 -0.083314568 -0.013531784 0.028709346 0.046130620 0.032878578 0.053834613 0.996941745
1341846317.946031 -0.099503636 -0.015435613 0.032304142 0.047342040 0.034742348 0.054739118 0.996772468
1341846317.978041 -0.107319482 -0.018960895 0.033441700 0.049248777 0.033431195 0.055204045 0.996699274
1341846318.009897 -0.110308394 -0.016651174 0.027644156 0.051673159 0.033458192 0.053211700 0.996684015
1341846318.045949 -0.121853001 -0.010578969 0.029705001 0.052509490 0.034886416 0.052294619 0.996639907
1341846318.078074 -0.138228297 -0.014273209 0.031682737 0.051392134 0.034240544 0.050390977 0.996818542
1341846318.109894 -0.151919767 -0.015545821 0.022415200 0.050954577 0.030682588 0.048137058 0.997068226
1341846318.145957 -0.141903415 -0.014060169 0.033141259 0.050074052 0.026948582 0.045448057 0.997346938
1341846318.178001 -0.151970774 -0.019193841 0.033884257 0.049043749 0.027722629 0.042863633 0.997491300
1341846318.214074 -0.169664770 -0.023773456 0.041950967 0.049663302 0.026753154 0.042148888 0.997517586
1341846318.245970 -0.176086172 -0.032357909 0.028978862 0.051699802 0.020771023 0.042680640 0.997534037
1341846318.278018 -0.189705685 -0.031614006 0.025667664 0.055754129 0.016493209 0.042574126 0.997400105
1341846318.313937 -0.207183152 -0.029808167 0.025901232 0.057740744 0.011240593 0.042335745 0.997370243
1341846318.345989 -0.210411459 -0.032218017 0.016417153 0.059182864 0.001671716 0.040767897 0.997412980
1341846318.382046 -0.219405442 -0.032040823 0.017085411 0.061137419 -0.004811663 0.039520714 0.997335136
1341846318.414072 -0.233000532 -0.033416256 0.017461164 0.062699594 -0.010878310 0.040195342 0.997163415
1341846318.446035 -0.227809325 -0.031022167 0.019416718 0.065251678 -0.018291507 0.040789604 0.996867001
1341846318.482196 -0.231463447 -0.025456056 0.017983705 0.067077547 -0.020618152 0.040463958 0.996713758
1341846318.514144 -0.242791221 -0.029278092 0.033319484 0.066441454 -0.021283310 0.040925365 0.996723473
1341846318.546259 -0.251720577 -0.035479657 0.025645252 0.067436084 -0.022337547 0.040417273 0.996654391
1341846318.582042 -0.256669641 -0.029049926 0.027552331 0.069411263 -0.022318492 0.040481295 0.996516526
1341846318.614115 -0.266634434 -0.028201349 0.031078717 0.069206730 -0.022695219 0.040337309 0.996528149
1341846318.650038 -0.273875892 -0.029542368 0.031463303 0.068750195 -0.023287034 0.037216298 0.996667504
1341846318.682350 -0.287699968 -0.028554074 0.025433656 0.068316393 -0.023351513 0.034889121 0.996780038
1341846318.714063 -0.295642883 -0.029799104 0.023564558 0.067836374 -0.024422273 0.034395780 0.996804237
1341846318.749905 -0.297937751 -0.035491761 0.026674811 0.068483964 -0.025090046 0.036412030 0.996671796
1341846318.782036 -0.315763175 -0.033181228 0.024209881 0.070437968 -0.024872892 0.038071427 0.996479034
1341846318.814121 -0.332695991 -0.032565754 0.018015342 0.070316523 -0.029333934 0.036266271 0.996433616
1341846318.850072 -0.340334594 -0.035105877 0.021033484 0.070632204 -0.035495229 0.033706155 0.996300697
1341846318.883516 -0.352096468 -0.041941937 0.029176392 0.073488653 -0.042617094 0.032914236 0.995841324
1341846318.918047 -0.359458685 -0.033449531 0.003403124 0.076754689 -0.056314092 0.031612642 0.994956374
1341846318.950044 -0.363974333 -0.036579989 0.011554509 0.078552812 -0.065330513 0.028970955 0.994345129
1341846318.982028 -0.373532057 -0.030066527 0.005423110 0.080830082 -0.068960473 0.025749667 0.994006038
1341846319.018123 -0.402944624 -0.038220197 -0.005707990 0.079400435 -0.071989663 0.025189726 0.993920803
1341846319.050745 -0.396915019 -0.050713979 0.003058971 0.080046035 -0.079334073 0.025337176 0.993305981
1341846319.081905 -0.387169540 -0.047440879 0.002812986 0.085589878 -0.081005432 0.024310900 0.992734373
1341846319.117976 -0.408101171 -0.037768424 0.005823904 0.088745177 -0.078882463 0.027728861 0.992538691
1341846319.150093 -0.415425628 -0.041581392 0.009033373 0.090399370 -0.083186939 0.034724653 0.991817594
1341846319.186069 -0.408770084 -0.027945776 0.017683189 0.092784740 -0.085238278 0.034985214 0.991413951
1341846319.218149 -0.409767658 -0.005744854 0.013479711 0.091140859 -0.080564916 0.032485407 0.992042005
1341846319.250034 -0.417542398 -0.008369154 0.020522300 0.085049070 -0.074764557 0.032025393 0.993051529
1341846319.286594 -0.431812972 -0.019177511 0.022129836 0.082408950 -0.071040526 0.035895202 0.993415117
1341846319.318034 -0.442495704 -0.026222037 0.012380522 0.082353309 -0.070134595 0.039882578 0.993332028
1341846319.350268 -0.456283897 -0.030099761 0.013669668 0.082854338 -0.069135092 0.046123005 0.993090212
1341846319.386163 -0.474327713 -0.029697554 0.017086424 0.084950924 -0.072588399 0.052785244 0.992334664
1341846319.418386 -0.467575282 -0.029594257 0.008749496 0.085624754 -0.079244889 0.055541359 0.991616786
1341846319.453961 -0.467017472 -0.026871700 0.005154578 0.086171597 -0.081597589 0.052046001 0.991568267
1341846319.486271 -0.482987374 -0.026997024 -0.005981537 0.085040607 -0.081132911 0.051136967 0.991751313
1341846319.554083 -0.500418425 -0.026732353 0.024909331 0.080554329 -0.087407105 0.049346399 0.991683424
1341846319.586296 -0.513352811 -0.030242819 0.021753768 0.080702431 -0.086552657 0.045989003 0.991907656
1341846319.622031 -0.528817713 -0.030056054 0.009227794 0.078945681 -0.089363322 0.043644320 0.991905749
1341846319.653962 -0.535332441 -0.036159799 0.026462995 0.078145556 -0.094586954 0.042434786 0.991537094
1341846319.686352 -0.542772472 -0.037668709 0.008134807 0.079673305 -0.098262571 0.043439284 0.991014481
1341846319.721992 -0.548544168 -0.029543519 -0.003051406 0.080734462 -0.102251031 0.043976609 0.990501285
1341846319.754063 -0.551792443 -0.017459193 0.000047747 0.078357890 -0.104777552 0.043554574 0.990446746
1341846319.786397 -0.558811426 -0.020937463 0.006653016 0.073827341 -0.104423076 0.046999156 0.990674734
1341846319.822008 -0.563698471 -0.021564489 0.012154893 0.070532188 -0.105626509 0.051947471 0.990540147
1341846319.853917 -0.565001607 -0.019748032 0.012462983 0.065742664 -0.106918789 0.055594962 0.990532935
1341846319.889942 -0.571324289 -0.032198295 0.016182883 0.061930824 -0.107274391 0.060346644 0.990462065
1341846319.922039 -0.583143592 -0.038773887 0.012485118 0.061238758 -0.110874847 0.061899208 0.990012765
1341846319.953946 -0.579405606 -0.042618971 0.023780037 0.061760552 -0.117536157 0.059373233 0.989366353
1341846319.990054 -0.577059746 -0.038332555 0.021939803 0.064619109 -0.121038720 0.051580559 0.989198446
1341846320.028122 -0.584121883 -0.040539615 0.020644639 0.066537455 -0.124459065 0.050393745 0.988707900
1341846320.090047 -0.564924061 -0.027134685 0.027929977 0.072715282 -0.132905126 0.050750747 0.987154067
1341846320.122011 -0.552218318 -0.024440125 0.038135950 0.073594071 -0.131687149 0.051852658 0.987194896
1341846320.157952 -0.544400573 -0.027250562 0.039886396 0.073605567 -0.129113600 0.052428223 0.987503529
1341846320.190003 -0.531301260 -0.037999433 0.024651065 0.075671852 -0.125434011 0.050956074 0.987898588
1341846320.221941 -0.528367341 -0.037067011 0.026854912 0.079901040 -0.121826753 0.051869068 0.987969518
1341846320.258015 -0.520859182 -0.040505860 0.028254844 0.083873831 -0.120835595 0.054122753 0.987641037
1341846320.289887 -0.509034932 -0.052186359 0.027185269 0.088593684 -0.121979177 0.054964595 0.987041652
1341846320.321954 -0.494416207 -0.047943301 0.028479662 0.097230867 -0.123954669 0.055010822 0.985979319
1341846320.357890 -0.479612172 -0.032497816 0.026560280 0.103625342 -0.123748191 0.055839866 0.985307157
1341846320.390064 -0.460307509 -0.032303236 0.031178784 0.105229773 -0.120508708 0.055888791 0.985535860
1341846320.426544 -0.431760877 -0.037885595 0.048413135 0.107248731 -0.114204526 0.053560447 0.986197889
1341846320.458122 -0.425719619 -0.034894392 0.049185365 0.108764596 -0.106490217 0.050201155 0.987071455
1341846320.490186 -0.416317970 -0.038216829 0.081879124 0.112441421 -0.099916562 0.049403932 0.987386942
1341846320.525911 -0.408103585 -0.034039021 0.068522476 0.115985401 -0.092376769 0.048070066 0.987776935
1341846320.558091 -0.394222587 -0.035518821 0.032938082 0.116574332 -0.088299178 0.044175997 0.988262177
1341846320.594093 -0.368873119 -0.046032619 0.028571004 0.117188662 -0.083372883 0.040331446 0.988781750
1341846320.631955 -0.365769893 -0.041651912 0.027648713 0.119770251 -0.075981118 0.040235788 0.989071846
1341846320.664916 -0.357283801 -0.037590615 0.021978740 0.120087489 -0.073417440 0.038388360 0.989300370
1341846320.699927 -0.334641725 -0.042186216 0.029634958 0.119988486 -0.070822798 0.036736336 0.989564240
1341846320.731822 -0.330055505 -0.038084727 0.033167969 0.122306496 -0.064051457 0.034917746 0.989807785
1341846320.763877 -0.340614825 0.000252716 0.027732354 0.122178949 -0.060903106 0.036017075 0.989982843
1341846320.799999 -0.310346872 -0.020789962 0.035423156 0.114021607 -0.064035587 0.032028515 0.990894914
1341846320.831871 -0.292959750 -0.023061197 0.068167411 0.117036141 -0.053084027 0.026161242 0.991362810
1341846320.863887 -0.321428746 -0.001382335 0.043942109 0.115885891 -0.042461153 0.027373651 0.991976976
1341846320.900014 -0.314688981 -0.012414759 0.051586531 0.109053880 -0.047951072 0.032982007 0.992330670
1341846320.931889 -0.271808594 -0.045381919 0.022287866 0.107015833 -0.049013074 0.031341273 0.992553830
1341846320.967866 -0.275027901 -0.020325799 0.019049602 0.107618988 -0.043210555 0.027890539 0.992861092
1341846321.000017 -0.271688133 -0.025009908 0.024034103 0.101579830 -0.042858157 0.026201669 0.993558407
1341846321.031860 -0.250922769 -0.037619695 0.024028808 0.098854244 -0.042930976 0.024729600 0.993867874
1341846321.068047 -0.243592322 -0.028377390 0.022029769 0.099800117 -0.039310377 0.022159476 0.993983746
1341846321.099840 -0.242360398 -0.027107952 0.024608977 0.097254679 -0.037384398 0.022548256 0.994301558
1341846321.131821 -0.219709083 -0.036476541 0.039082706 0.097330399 -0.036728911 0.024341088 0.994276285
1341846321.167887 -0.214022771 -0.032775357 0.035509232 0.100121304 -0.032592490 0.024780387 0.994132519
1341846321.200042 -0.210120246 -0.029422419 0.029291514 0.100489609 -0.030101275 0.024622034 0.994177818
1341846321.231950 -0.200810120 -0.037052464 0.031192634 0.099387705 -0.029170709 0.023428770 0.994345188
1341846321.267939 -0.183438331 -0.029274972 0.024138028 0.100371011 -0.027342232 0.018730778 0.994397879
1341846321.299948 -0.171266750 -0.033551216 0.030964267 0.098791175 -0.023395253 0.013419132 0.994742632
1341846321.331858 -0.170703962 -0.037294757 0.033291299 0.098878212 -0.020133931 0.009564203 0.994849861
1341846321.367913 -0.153868139 -0.039552074 0.031457141 0.100510314 -0.017856836 0.005006881 0.994763196
1341846321.399897 -0.146456137 -0.035699259 0.034939967 0.102497049 -0.012765401 0.003662811 0.994644642
1341846321.435994 -0.142652303 -0.044198062 0.030598724 0.103266530 -0.009183051 0.003321674 0.994605780
1341846321.467946 -0.133670732 -0.041105442 0.031355154 0.105404496 -0.006663942 0.003763234 0.994400024
1341846321.499882 -0.121212244 -0.040532377 0.031213185 0.106809206 -0.003939861 0.004063126 0.994263470
1341846321.536109 -0.101959817 -0.031448334 0.025901765 0.106994547 0.000741522 0.001158330 0.994258702
1341846321.568960 -0.105325319 -0.026539735 0.031891238 0.103927962 0.007569886 -0.000914184 0.994555652
1341846321.603938 -0.099818297 -0.032189950 0.033444107 0.100352868 0.009960627 -0.001089201 0.994901478
1341846321.637163 -0.073817767 -0.025060918 0.021861022 0.098151863 0.014228947 -0.002192142 0.995067298
1341846321.668306 -0.078253113 -0.023834134 0.041331712 0.093631633 0.024114966 0.001297110 0.995314002
1341846321.704411 -0.087473787 -0.026886575 0.047376998 0.090350635 0.025621735 0.009490971 0.995535195
1341846321.736861 -0.071391642 -0.022069981 0.046821356 0.089962378 0.022022327 0.018055977 0.995537937
1341846321.771881 -0.058775544 -0.008071685 0.049363796 0.087932020 0.021674993 0.022845730 0.995628595
1341846321.804114 -0.051046677 -0.011935520 0.053847153 0.083517462 0.023948807 0.025225652 0.995899141
1341846321.836152 -0.051188417 -0.009204880 0.056046646 0.080358498 0.026787763 0.024765724 0.996098220
1341846321.871882 -0.051369019 0.001158099 0.058013510 0.075675547 0.028699005 0.022684114 0.996461272
1341846321.904074 -0.044066172 -0.003045466 0.055749927 0.068951689 0.029680587 0.019863790 0.996980548
1341846321.939847 -0.041059654 -0.008443947 0.059418418 0.064660609 0.032904800 0.017142426 0.997217417
1341846322.004094 -0.047472563 -0.014339126 0.064125180 0.057533793 0.031367268 0.016474474 0.997714698
1341846322.066178 -0.027968612 -0.020730190 0.064042680 0.052779548 0.035250988 0.014140096 0.997883677
1341846322.107979 -0.032063764 -0.036453366 0.066698655 0.049805276 0.037593786 0.012858683 0.997968376
1341846322.166164 -0.034426119 -0.057300199 0.065223962 0.052888062 0.037595879 0.012771305 0.997810781
1341846322.202932 -0.030453492 -0.060838606 0.063213103 0.054373253 0.034903530 0.013201701 0.997823179
1341846322.234093 -0.029672934 -0.064126521 0.061646737 0.053245578 0.033396788 0.010990271 0.997962356
1341846322.265941 -0.029760944 -0.075243995 0.062116671 0.050446030 0.030531779 0.011718838 0.998191178
1341846322.301996 -0.024404848 -0.088936195 0.060477879 0.048472617 0.028565353 0.011733506 0.998347044
1341846322.333949 -0.034366660 -0.104155369 0.057199992 0.047234710 0.027207183 0.011937953 0.998441875
1341846322.369871 -0.024503700 -0.116482012 0.060864177 0.048224058 0.021430170 0.008709840 0.998568654
1341846322.402292 -0.009440909 -0.131507978 0.060719263 0.049776521 0.022042515 0.002779504 0.998513281
1341846322.433955 -0.021206843 -0.157131910 0.066746831 0.053731408 0.024051547 -0.000416893 0.998265684
1341846322.470030 -0.024154548 -0.166668460 0.064327754 0.061441470 0.020155629 0.002250408 0.997904658
1341846322.502433 -0.012512945 -0.175061345 0.060116637 0.068219349 0.016533017 0.004324115 0.997524023
1341846322.534002 -0.007515471 -0.186931074 0.063042149 0.076897286 0.015914274 0.005875238 0.996894717
1341846322.570196 -0.005325439 -0.201244682 0.061061896 0.085671529 0.015319664 0.008637169 0.996168256
1341846322.601920 -0.013349170 -0.205937430 0.061755471 0.091600008 0.012840743 0.012249892 0.995637774
1341846322.638119 0.008286824 -0.222138584 0.058740277 0.096416697 0.008356955 0.012654217 0.995225608
1341846322.669947 0.011067089 -0.224734262 0.064519614 0.102307320 0.011954484 0.010565753 0.994624913
1341846322.702026 -0.000434180 -0.235372320 0.068414919 0.105282709 0.014252398 0.012891494 0.994256675
1341846322.738006 0.001384086 -0.235006690 0.068543918 0.106777348 0.011537855 0.014526173 0.994109988
1341846322.770087 0.013470452 -0.256562322 0.075800039 0.106099203 0.011546433 0.015074253 0.994174302
1341846322.806047 0.003392296 -0.267416716 0.072571672 0.109723635 0.011979078 0.016510358 0.993752837
1341846322.838063 -0.001186551 -0.274192840 0.069223277 0.111508675 0.007846036 0.017929049 0.993570745
1341846322.870081 0.003550336 -0.287248164 0.076879762 0.113699220 0.002515879 0.018428130 0.993341148
1341846322.906018 0.014839686 -0.289057374 0.082115605 0.118946798 0.000611385 0.018655472 0.992725253
1341846322.938349 0.009896439 -0.275582194 0.081752643 0.120101199 0.002118955 0.019887235 0.992560267
1341846322.970069 0.010104578 -0.279116690 0.086501919 0.115616649 0.001822092 0.020769626 0.993075073
1341846323.011820 0.014712987 -0.294203281 0.093306653 0.112816110 0.001986332 0.021505786 0.993381202
1341846323.073951 0.018613335 -0.297184944 0.088813812 0.109611370 0.001089831 0.026639504 0.993616879
1341846323.105962 0.020441581 -0.317156464 0.091567151 0.106138393 0.001119358 0.026602270 0.993994832
1341846323.138158 0.019977154 -0.316253960 0.092208229 0.107249856 0.001130086 0.022536349 0.993976057
1341846323.174092 0.016708050 -0.317699105 0.090425096 0.105141245 0.000781710 0.021115784 0.994232833
1341846323.206059 0.025563642 -0.324383140 0.087897398 0.102259569 -0.000114609 0.018747203 0.994581103
1341846323.238053 0.028772742 -0.329670310 0.086387269 0.099476375 0.002933063 0.016746635 0.994894683
1341846323.273997 0.013017520 -0.327710778 0.087867364 0.095577560 0.003919755 0.017986884 0.995251775
1341846323.305946 0.023546895 -0.336406976 0.087387264 0.090438336 -0.000735104 0.019518815 0.995710552
1341846323.342027 0.045823019 -0.354269803 0.095001362 0.087836288 0.000117548 0.018310057 0.995966673
1341846323.374048 0.023862250 -0.361416399 0.093448251 0.088327959 0.004635612 0.019533116 0.995889127
1341846323.405987 0.010595733 -0.371534705 0.088712178 0.088312663 0.001113776 0.024309950 0.995795548
1341846323.441956 0.032363050 -0.384115994 0.096783690 0.089029931 -0.004150330 0.026385924 0.995670795
1341846323.473878 0.036849808 -0.393697232 0.097616188 0.092959635 -0.002886852 0.024957420 0.995352864
1341846323.506129 0.029396703 -0.385637194 0.090466708 0.095878869 -0.002577580 0.022393962 0.995137811
1341846323.541972 0.039985884 -0.388292134 0.089156114 0.094287038 -0.003155065 0.020428538 0.995330513
1341846323.573913 0.051837586 -0.406077832 0.084723823 0.093393035 0.000514119 0.014348963 0.995525777
1341846323.609927 0.039105769 -0.404415697 0.090083748 0.094515949 0.007078021 0.010725633 0.995440423
1341846323.642014 0.027838428 -0.416217357 0.083369620 0.092976466 0.009276786 0.011287156 0.995561123
1341846323.674081 0.027112391 -0.429873884 0.079730816 0.092672504 0.007548436 0.013774149 0.995572746
1341846323.710069 0.029916855 -0.449803919 0.078802012 0.093561739 0.005984166 0.018094836 0.995431125
1341846323.742111 0.026047632 -0.455494553 0.082382828 0.098304257 0.004557320 0.018772593 0.994968891
1341846323.774928 0.021478724 -0.448101789 0.087847091 0.102480307 0.002531559 0.015499976 0.994611025
1341846323.810012 0.024697023 -0.454228878 0.087754078 0.103758328 0.001111162 0.012007525 0.994529426
1341846323.842207 0.026732810 -0.459464729 0.085615493 0.105008617 0.001115593 0.007014581 0.994445980
1341846323.878019 0.018494582 -0.469663233 0.086779475 0.105723888 0.000817193 0.002745413 0.994391441
1341846323.909826 0.023760991 -0.483335197 0.086913995 0.108540088 -0.001262126 -0.001283925 0.994090497
1341846323.942459 0.018673915 -0.480166674 0.083669014 0.112668552 -0.001025173 -0.001656391 0.993630707
1341846323.978055 0.013255008 -0.486454308 0.072819807 0.115003549 -0.003238942 -0.000712611 0.993359566
1341846324.015934 0.024797991 -0.489445060 0.069684960 0.118720196 -0.005988599 -0.000890996 0.992909253
1341846324.047722 0.027502704 -0.481332570 0.068178095 0.122413769 -0.004519270 -0.001870915 0.992467165
1341846324.083904 0.024538953 -0.469555289 0.065722153 0.122921310 -0.002881196 -0.003020925 0.992407680
1341846324.115968 0.027081752 -0.467851102 0.068697289 0.120645270 -0.001254640 -0.004443754 0.992685020
1341846324.151967 0.031446837 -0.461450547 0.069766983 0.120380752 0.001467643 -0.009093542 0.992685139
1341846324.183941 0.028997563 -0.448861182 0.066567488 0.117800541 0.005626685 -0.012649373 0.992940843
1341846324.219984 0.021447752 -0.448197454 0.068695508 0.113310099 0.007910295 -0.012296057 0.993452132
1341846324.251968 0.018980749 -0.448896676 0.074053690 0.112602808 0.008074226 -0.012527166 0.993528306
1341846324.284052 0.013956799 -0.436088473 0.070807837 0.113328055 0.007635560 -0.013442659 0.993437350
1341846324.319880 0.009269038 -0.423532367 0.063465752 0.112056956 0.004524564 -0.014007824 0.993592799
1341846324.351917 0.014926140 -0.408956081 0.066132486 0.108868748 0.000769552 -0.015346949 0.993937433
1341846324.388001 0.021991773 -0.400260687 0.070404217 0.104802541 0.000444878 -0.018849589 0.994314313
1341846324.419908 0.018831771 -0.378481805 0.082761399 0.100329004 0.002376356 -0.019372061 0.994762897
1341846324.452027 0.016193455 -0.380739421 0.082570106 0.095202580 0.002716145 -0.019224143 0.995268583
1341846324.487928 0.014085193 -0.375356466 0.084287822 0.093629636 0.002342212 -0.016803930 0.995462537
1341846324.519985 0.002525168 -0.364342511 0.079819769 0.092335388 0.000828515 -0.012566025 0.995648324
1341846324.556001 0.003491603 -0.348844469 0.078520365 0.090853289 -0.004275389 -0.008606258 0.995817959
1341846324.587888 0.007630675 -0.335240811 0.081006646 0.087648824 -0.007633054 -0.006103445 0.996103525
1341846324.620086 0.009128786 -0.335717678 0.084572010 0.084903747 -0.010410697 -0.008218865 0.996300876
1341846324.655955 0.015634965 -0.323258638 0.083370700 0.083774082 -0.011909738 -0.009575093 0.996367633
1341846324.688082 0.010786037 -0.320416331 0.091867089 0.083000541 -0.011540394 -0.008721882 0.996444583
1341846324.755922 0.000465927 -0.287549198 0.080005631 0.084453642 -0.014197387 -0.005113660 0.996313214
1341846324.814016 0.012855523 -0.240704373 0.091619149 0.080689795 -0.020658411 -0.007868703 0.996494114
1341846324.849979 0.006371235 -0.234742761 0.095942229 0.074762262 -0.017375967 -0.009821604 0.997001708
1341846324.881924 -0.004603808 -0.232596278 0.100349814 0.071668066 -0.017897673 -0.009973923 0.997218072
1341846324.913902 0.001497324 -0.223218188 0.101204857 0.070644945 -0.019850090 -0.006898879 0.997280180
1341846324.949999 -0.002209040 -0.226766050 0.105539247 0.070669755 -0.019735014 -0.004029982 0.997296453
1341846324.981922 -0.013023171 -0.222302034 0.101269729 0.074943811 -0.021641787 -0.000848237 0.996952534
1341846325.018013 -0.014770065 -0.208870739 0.099867932 0.079340212 -0.026641764 0.001443592 0.996490479
1341846325.050079 -0.019071635 -0.191243842 0.105237849 0.081837282 -0.031612918 0.000336394 0.996144176
1341846325.081901 -0.019807158 -0.173376828 0.100284271 0.081464782 -0.036448441 -0.002102929 0.996007383
1341846325.118531 -0.002986757 -0.158937573 0.096762769 0.077381849 -0.039485738 -0.003477948 0.996213257
1341846325.149933 -0.003751597 -0.158399686 0.101960137 0.071575165 -0.037292548 -0.004947558 0.996725559
1341846325.181925 -0.009868569 -0.153379023 0.102609128 0.068291709 -0.035647895 -0.002911184 0.997024119
1341846325.218055 -0.010538452 -0.146512911 0.105552681 0.065487839 -0.035527915 0.001255003 0.997219920
1341846325.249811 -0.011862810 -0.141719073 0.108403027 0.063171029 -0.035587601 0.004953965 0.997355700
1341846325.285925 -0.011394933 -0.125314459 0.114869758 0.060884070 -0.035971895 0.007802255 0.997465968
1341846325.317988 0.001303577 -0.130516842 0.116191499 0.057986137 -0.034051824 0.010501243 0.997681201
1341846325.349844 -0.001662671 -0.136968523 0.121538982 0.060251549 -0.029402280 0.012982743 0.997665703
1341846325.387302 -0.001311313 -0.122822098 0.122066580 0.065431602 -0.026753185 0.015670475 0.997375250
1341846325.417931 0.011038641 -0.116009496 0.124095999 0.068355210 -0.022298938 0.018310029 0.997243762
1341846325.450747 0.009103958 -0.117946401 0.158905804 0.073173448 -0.014710038 0.020390706 0.997002304
1341846325.485954 0.000862307 -0.108824641 0.144296482 0.080494158 -0.007971955 0.023169342 0.996453941
1341846325.517875 -0.006065535 -0.091269985 0.133572400 0.085600674 -0.003663366 0.024357442 0.996025026
1341846325.553859 -0.003164358 -0.083488606 0.135600239 0.088694982 -0.000444092 0.024263583 0.995763242
1341846325.585855 -0.010511584 -0.066436850 0.132833749 0.091441877 0.003074852 0.022160303 0.995559096
1341846325.617990 -0.011891338 -0.048302215 0.127606869 0.088694945 0.004900554 0.020865062 0.995828271
1341846325.653982 -0.013030878 -0.064090960 0.136286169 0.085010327 0.006692535 0.018296279 0.996189594
1341846325.685819 -0.015028374 -0.066360451 0.141230285 0.089800529 0.008059391 0.019582897 0.995734632
1341846325.717857 -0.019986752 -0.049103469 0.140760571 0.094870627 0.009356289 0.025930002 0.995107889
1341846325.754083 -0.020627193 -0.051464334 0.144247815 0.097414494 0.009375520 0.030711969 0.994725764
1341846325.786087 -0.016485246 -0.044969350 0.146745622 0.103696875 0.009530535 0.032161206 0.994043231
1341846325.821856 -0.019857328 -0.024241749 0.144637495 0.108450361 0.011730128 0.033156902 0.993479550
1341846325.853827 -0.027713377 -0.018247304 0.144908845 0.109075174 0.012680780 0.036391862 0.993286252
1341846325.885958 -0.036928795 -0.004192052 0.139872268 0.109797567 0.010363964 0.042184915 0.993004322
1341846325.921984 -0.030626411 -0.001901844 0.148654789 0.108630396 0.006095508 0.046758045 0.992963314
1341846325.953899 -0.019635702 0.001796518 0.154525042 0.111536160 0.005795273 0.048488148 0.992559850
1341846325.985823 -0.024262624 0.014451377 0.156783566 0.114630081 0.008934368 0.052290715 0.991990864
1341846326.021991 -0.029859936 0.015570541 0.157903850 0.117112547 0.009419538 0.058410030 0.991354704
1341846326.054055 -0.025519278 0.027591759 0.160455167 0.122206450 0.008362142 0.061661985 0.990552127
1341846326.089984 -0.021063689 0.047928967 0.160538763 0.125371426 0.010134076 0.060586654 0.990206361
1341846326.121822 -0.021778330 0.058400329 0.163763896 0.125009343 0.014223746 0.058553915 0.990324140
1341846326.154079 -0.027898761 0.058805402 0.165890276 0.125219181 0.017014289 0.057238773 0.990330517
1341846326.190178 -0.032577652 0.071381904 0.164535150 0.127832189 0.016853198 0.059164833 0.989886105
1341846326.222162 -0.037077107 0.089348547 0.164567202 0.127722219 0.015383630 0.064749777 0.989574611
1341846326.259181 -0.038840491 0.104609452 0.175702438 0.124850258 0.012369130 0.069365494 0.989670575
1341846326.322766 -0.032804791 0.126829460 0.180868730 0.117567085 0.011579710 0.068186857 0.990653515
1341846326.359773 -0.031652857 0.132810339 0.183513582 0.113673598 0.013044897 0.066207483 0.991223872
1341846326.392109 -0.028666679 0.125991940 0.187921658 0.111729659 0.014773296 0.067091748 0.991361201
1341846326.423985 -0.033148792 0.130160615 0.189247832 0.115606464 0.015756678 0.072121635 0.990548074
1341846326.459869 -0.039657734 0.147699565 0.187074244 0.118370995 0.013713695 0.075318366 0.990013838
1341846326.526163 -0.026091058 0.183118179 0.192197055 0.119095944 0.014561669 0.075530022 0.989898741
1341846326.560211 -0.028077727 0.191763967 0.188614890 0.114006847 0.018601190 0.075681522 0.990418494
1341846326.591828 -0.032949030 0.191835806 0.198099613 0.110566124 0.020940760 0.077001244 0.990660131
1341846326.627027 -0.030862290 0.202667370 0.196450651 0.110310823 0.022435196 0.076154426 0.990721345
1341846326.658442 -0.027810588 0.218679771 0.196795523 0.108405285 0.025842302 0.074837409 0.990948975
1341846326.694856 -0.033641294 0.233833596 0.201576948 0.105135232 0.029589234 0.074676067 0.991208613
1341846326.726206 -0.034577928 0.248131439 0.200457603 0.099609889 0.030642428 0.073003434 0.991871715
1341846326.762753 -0.029905688 0.257661909 0.211098567 0.093420118 0.033065967 0.070207082 0.992597759
1341846326.826821 -0.033407219 0.285130531 0.218971804 0.078571290 0.039207254 0.065624729 0.993973255
1341846326.858887 -0.033446357 0.289358824 0.221353590 0.070649214 0.040400915 0.064209528 0.994612336
1341846326.895360 -0.034508713 0.289927453 0.217465088 0.068181664 0.039530423 0.066547394 0.994665802
1341846326.926897 -0.037589043 0.297353864 0.223647952 0.070257992 0.036151979 0.068277977 0.994532526
1341846326.958888 -0.030510645 0.310654849 0.226864129 0.073114485 0.033304956 0.071602270 0.994192243
1341846326.994594 -0.034890883 0.322205603 0.227665350 0.073112518 0.034337569 0.074133992 0.993971646
1341846327.026301 -0.033116344 0.336751133 0.225533679 0.071390390 0.035735495 0.072657682 0.994156539
1341846327.063945 -0.030961808 0.340933383 0.236453086 0.068150334 0.038099341 0.069339521 0.994533122
1341846327.094662 -0.032417770 0.351610959 0.239797547 0.067962222 0.040403411 0.066780925 0.994630098
1341846327.128901 -0.035163030 0.362083972 0.246194035 0.067335702 0.040704813 0.065442838 0.994749367
1341846327.161940 -0.033613432 0.374419361 0.247153863 0.066329695 0.039466329 0.064958468 0.994898617
1341846327.193867 -0.027275000 0.379395843 0.248015031 0.064977005 0.040119242 0.063686632 0.995043933
1341846327.229885 -0.025090532 0.393967897 0.242868066 0.066263653 0.043280236 0.062266055 0.994916499
1341846327.262014 -0.016485482 0.403574735 0.245272532 0.065468989 0.046940457 0.059527181 0.994970858
1341846327.294023 -0.004033536 0.408230036 0.248295605 0.068459906 0.056805696 0.053253777 0.994610727
1341846327.330015 -0.010442051 0.433360219 0.243060425 0.072200917 0.068107851 0.050849468 0.993761957
1341846327.361939 -0.021102527 0.446216702 0.248439699 0.069472425 0.074533403 0.045415461 0.993758440
1341846327.393887 -0.021378659 0.454659164 0.254721582 0.067870915 0.076791316 0.039701372 0.993941844
1341846327.429966 -0.024309125 0.476806790 0.249690399 0.066531152 0.076741882 0.039410736 0.994047880
1341846327.461965 -0.041591533 0.497736692 0.271391064 0.058203690 0.074425995 0.036546532 0.994855523
1341846327.497931 -0.034112968 0.495343953 0.275959730 0.052371442 0.072137475 0.033336103 0.995460808
1341846327.530068 -0.038344797 0.507539392 0.278448611 0.051210724 0.073202722 0.035472792 0.995369613
1341846327.561895 -0.040923763 0.518009067 0.288957268 0.050063349 0.071131393 0.040793568 0.995374322
1341846327.598010 -0.045324516 0.526270926 0.289980531 0.052575897 0.067875534 0.048260685 0.995137990
1341846327.629945 -0.047327235 0.544532359 0.291241169 0.054011717 0.063068576 0.048958626 0.995343268
1341846327.662003 -0.044639520 0.547588825 0.295277238 0.053024780 0.059513360 0.044197120 0.995837927
1341846327.697919 -0.044841856 0.564791262 0.287157625 0.055810828 0.058575939 0.045311164 0.995691180
1341846327.730075 -0.049086966 0.586081624 0.287854135 0.052447498 0.058021162 0.046394650 0.995856643
1341846327.766017 -0.047108330 0.591174483 0.290887535 0.047124777 0.057196457 0.046789411 0.996151924
1341846327.797917 -0.051243480 0.611468375 0.293319464 0.043571528 0.057303540 0.049319100 0.996185541
1341846327.830054 -0.047629725 0.616497874 0.297163069 0.036749616 0.056232691 0.049543723 0.996510327
1341846327.865944 -0.044038601 0.619220138 0.297377050 0.031954955 0.057151016 0.049213521 0.996639729
1341846327.898010 -0.048453782 0.632039249 0.303484261 0.029724648 0.058605846 0.050503172 0.996559739
1341846327.929991 -0.048591118 0.640113413 0.303895354 0.025309399 0.057010256 0.048401132 0.996878445
1341846327.966065 -0.042106748 0.660407186 0.300992876 0.022106847 0.055877276 0.046333522 0.997116983
1341846327.998073 -0.042016570 0.668851376 0.300922573 0.015557743 0.056881722 0.043497853 0.997311652
1341846328.034045 -0.043518424 0.673748255 0.301685780 0.009561706 0.058020294 0.041630391 0.997401237
1341846328.065993 -0.043244995 0.674447000 0.302762955 0.004132339 0.058731563 0.042089052 0.997377634
1341846328.098045 -0.042547341 0.658616841 0.306977510 0.001622099 0.059163027 0.042874627 0.997325897
1341846328.133967 -0.044372667 0.660188913 0.304606050 0.005223332 0.058125630 0.046188384 0.997226596
1341846328.166023 -0.046346307 0.656333804 0.301528901 0.004763718 0.055197652 0.047339432 0.997341216
1341846328.198018 -0.045981865 0.640808403 0.299605697 0.003398519 0.052433468 0.044464398 0.997628272
1341846328.234044 -0.048933614 0.626141965 0.296791703 0.005172811 0.051354691 0.044227839 0.997687221
1341846328.265899 -0.047714595 0.616196454 0.295093119 0.007275328 0.049311921 0.044515539 0.997764409
1341846328.302051 -0.045271985 0.596181154 0.291295141 0.009092548 0.048892021 0.045115847 0.997743249
1341846328.333917 -0.049429551 0.577948034 0.289023489 0.011961962 0.049748965 0.046821009 0.997591972
1341846328.366008 -0.049185283 0.541998804 0.292738348 0.014460982 0.049297761 0.043494176 0.997731864
1341846328.402010 -0.048626959 0.519228637 0.289191514 0.025213744 0.051414929 0.044010345 0.997388542
1341846328.433920 -0.051912185 0.514664292 0.276674002 0.031396061 0.049965039 0.045912374 0.997201025
1341846328.470003 -0.045865543 0.491318971 0.280839235 0.030597951 0.048168913 0.039287321 0.997597158
1341846328.502194 -0.042558379 0.465169787 0.274341524 0.031367660 0.050192166 0.031146910 0.997760832
1341846328.534033 -0.039934922 0.445588976 0.273619324 0.032189906 0.052801330 0.028553272 0.997677624
1341846328.570125 -0.047526747 0.425902277 0.286479384 0.034512352 0.053735483 0.030730840 0.997485340
1341846328.602804 -0.057136923 0.398570210 0.280267626 0.038159646 0.050252639 0.034034822 0.997426808
1341846328.672663 -0.035960093 0.366652757 0.267911017 0.048710372 0.034540821 0.030555459 0.997747779
1341846328.702975 -0.029577902 0.344602793 0.267770141 0.050884701 0.031019559 0.029420430 0.997789085
1341846328.770129 -0.019621015 0.311014801 0.240810752 0.058815744 0.027667293 0.026531674 0.997532606
1341846328.802331 -0.018122947 0.294168681 0.246341750 0.059434779 0.024313550 0.027841283 0.997547626
1341846328.838051 -0.014072519 0.277290642 0.238206923 0.062838890 0.022253022 0.024694813 0.997470021
1341846328.869939 -0.010780034 0.281762093 0.224331871 0.063594460 0.020798294 0.023646440 0.997478902
1341846328.904486 -0.013195486 0.261903524 0.237313867 0.058767658 0.017866733 0.023666477 0.997831166
1341846328.939814 -0.005360023 0.227798536 0.239239827 0.059762023 0.014447535 0.024046069 0.997818410
1341846328.970217 -0.002290827 0.231037304 0.228023067 0.064981349 0.012211527 0.027837280 0.997423410
1341846329.006232 -0.000232614 0.218790516 0.225880191 0.065833203 0.009928683 0.032075807 0.997265577
1341846329.038243 0.004242661 0.199462742 0.234651715 0.069283776 0.008892253 0.031100288 0.997072458
1341846329.106125 0.006874052 0.196929514 0.207686096 0.072957575 0.008790396 0.029734675 0.996852994
1341846329.138340 0.009341996 0.180552229 0.209093377 0.073960200 0.007736110 0.028361700 0.996827781
1341846329.169991 0.010209876 0.178657681 0.197236419 0.076158203 0.006657388 0.027197294 0.996702552
1341846329.208656 0.014253504 0.168997735 0.195679948 0.076319411 0.005397070 0.026277894 0.996722519
1341846329.238169 0.016865209 0.168059513 0.189319953 0.076084696 0.004294431 0.026204644 0.996747792
1341846329.273827 0.015932277 0.153036922 0.191673428 0.073858529 0.003584998 0.026710356 0.996904552
1341846329.306052 0.014616488 0.151005968 0.186456695 0.074641153 0.001231455 0.025638478 0.996880114
1341846329.338104 0.020250080 0.151359335 0.182010740 0.071319573 -0.000955685 0.023839623 0.997168124
1341846329.373907 0.019030591 0.130343944 0.186349392 0.067465290 -0.001604316 0.022543261 0.997465670
1341846329.405985 0.019467849 0.116229855 0.181769401 0.068193890 -0.002817450 0.018982701 0.997487545
1341846329.442057 0.018376375 0.111623242 0.177150086 0.067371197 -0.003014592 0.015010082 0.997610509
1341846329.473950 0.016044851 0.095935754 0.176585317 0.065930590 -0.003978405 0.009151802 0.997774363
1341846329.506147 0.015259264 0.093149230 0.171263084 0.066426657 -0.005899419 0.006548802 0.997752368
1341846329.542121 0.013653259 0.080316670 0.168256387 0.064371139 -0.008824108 0.006314660 0.997867107
1341846329.574086 0.017526280 0.062183637 0.166741237 0.066226035 -0.011242161 0.004858644 0.997729540
1341846329.606387 0.018951101 0.063338801 0.161253750 0.069262005 -0.011782606 0.003872852 0.997521460
1341846329.641955 0.013792822 0.059706099 0.157946631 0.069272265 -0.012593158 0.004005784 0.997510254
1341846329.681570 0.009323505 0.047912240 0.160589099 0.068436630 -0.015070883 0.004119852 0.997533143
1341846329.748113 0.021420756 0.042943884 0.156422287 0.070699744 -0.016298495 0.002039142 0.997362375
1341846329.810175 0.019586232 0.016395925 0.158753142 0.068148591 -0.012900747 0.006782201 0.997568727
1341846329.842255 0.018108280 0.007583532 0.159916073 0.069675326 -0.012767788 0.010056363 0.997437358
1341846329.874044 0.016483061 0.002101963 0.158035085 0.071538873 -0.012672963 0.013309404 0.997268558
1341846329.910073 0.016503289 0.007261240 0.153283119 0.072208613 -0.013121573 0.015407213 0.997184217
1341846329.942009 0.013598439 0.005516598 0.152603522 0.067758016 -0.013222346 0.020294758 0.997407734
1341846329.978087 0.013630867 -0.020463485 0.155929923 0.064808942 -0.013593574 0.021953421 0.997563601
1341846330.016305 0.019275045 -0.011438553 0.150173694 0.067296147 -0.012963554 0.019843196 0.997451484
1341846330.048192 0.012535939 -0.005785281 0.146197855 0.063768037 -0.011182750 0.021237539 0.997676075
1341846330.080418 0.014695549 -0.027810903 0.150565132 0.058803875 -0.011512083 0.023626434 0.997923553
1341846330.115886 0.016561422 -0.044951659 0.150243640 0.060782067 -0.010164230 0.024412667 0.997800708
1341846330.147839 0.008323936 -0.026102081 0.142413318 0.064457931 -0.009319200 0.025953140 0.997539341
1341846330.181257 0.010026515 -0.015574779 0.140220284 0.059908975 -0.010141818 0.028956382 0.997732222
1341846330.215852 0.010666098 -0.030821649 0.140013248 0.053116214 -0.009111434 0.028214436 0.998148084
1341846330.247833 0.006125238 -0.036494769 0.138903290 0.051204022 -0.008382655 0.027206250 0.998282373
1341846330.283913 0.003663652 -0.024750115 0.133306265 0.048234738 -0.008831147 0.027302474 0.998423815
1341846330.316011 0.001373214 -0.038692929 0.137251437 0.041386005 -0.009481968 0.026841162 0.998737633
1341846330.347868 0.000662561 -0.046225201 0.136277884 0.039118309 -0.011253906 0.026008250 0.998832703
1341846330.383835 0.005665130 -0.047968447 0.136946052 0.037381452 -0.012097550 0.026727153 0.998870373
1341846330.415934 0.004276286 -0.063514382 0.138601348 0.036240295 -0.011028629 0.024880599 0.998972476
1341846330.452561 -0.001442316 -0.064087950 0.135985136 0.039190128 -0.011200709 0.023529893 0.998891890
1341846330.483903 -0.000422617 -0.061105926 0.127868906 0.039454754 -0.013367263 0.026375348 0.998783827
1341846330.515970 -0.000589169 -0.069393575 0.129880115 0.037696548 -0.015673516 0.029844539 0.998720527
1341846330.552099 0.000909586 -0.073686533 0.128825292 0.038891166 -0.017069578 0.031987932 0.998585463
1341846330.583876 -0.006200854 -0.062001359 0.128539041 0.038804695 -0.016748764 0.032160569 0.998588741
1341846330.619992 -0.011930001 -0.055613164 0.120204352 0.034271166 -0.017549338 0.031044539 0.998776197
1341846330.652136 -0.007339551 -0.063006431 0.119227044 0.027695546 -0.019482648 0.030009935 0.998975873
1341846330.683796 -0.009845431 -0.066736139 0.116621718 0.023116512 -0.019229542 0.028965820 0.999128044
1341846330.719991 -0.018590700 -0.080472961 0.113858566 0.020088306 -0.020760620 0.029835740 0.999137342
1341846330.752103 -0.021774972 -0.085564330 0.110145383 0.021677870 -0.024815278 0.033802893 0.998885214
1341846330.787952 -0.028698031 -0.077950619 0.102180734 0.023207949 -0.028882254 0.037240211 0.998619318
1341846330.819823 -0.025030896 -0.077376693 0.103690870 0.022932921 -0.033689681 0.038354732 0.998432815
1341846330.852208 -0.024509210 -0.071920402 0.096050844 0.022605922 -0.035294924 0.039176267 0.998352945
1341846330.914111 -0.028617999 -0.061035171 0.092811443 0.013761698 -0.038414292 0.038902432 0.998409569
1341846330.949903 -0.032160759 -0.070797443 0.094208866 0.010459241 -0.039783686 0.039490081 0.998372912
1341846330.981986 -0.039701015 -0.069257118 0.085774839 0.011479256 -0.043788079 0.039737739 0.998184264
1341846331.014111 -0.036489040 -0.063605338 0.084949687 0.011264961 -0.048127640 0.040339645 0.997962713
1341846331.082139 -0.039004244 -0.067591853 0.079474211 0.012836727 -0.050872367 0.037256684 0.997927487
1341846331.114334 -0.040015079 -0.064464651 0.076012380 0.012745259 -0.053007625 0.036715496 0.997837603
1341846331.149989 -0.035200518 -0.073022649 0.078414589 0.012612714 -0.054450061 0.036123492 0.997783244
1341846331.181954 -0.040601343 -0.072567984 0.073844187 0.015939379 -0.054321814 0.034622103 0.997795820
1341846331.218151 -0.049360767 -0.057688382 0.065433577 0.016484788 -0.056793898 0.034885295 0.997640133
1341846331.249914 -0.030373814 -0.071026377 0.075277425 0.013295300 -0.059885815 0.034641560 0.997515380
1341846331.318141 -0.025710849 -0.066707954 0.073625021 0.024166530 -0.050398652 0.030459285 0.997972071
1341846331.349926 -0.020535331 -0.064334564 0.076884113 0.023222741 -0.048023641 0.029168131 0.998150170
1341846331.382003 0.018475609 -0.086252876 0.092302494 0.024186332 -0.044688337 0.030833313 0.998232126
1341846331.418008 -0.000027008 -0.074567750 0.090242311 0.031837080 -0.033664238 0.029256919 0.998497486
1341846331.450327 -0.007528053 -0.065390483 0.099711061 0.034232277 -0.028190477 0.030059334 0.998563886
1341846331.486219 -0.016383190 -0.061697934 0.100157402 0.034264397 -0.025568921 0.030689791 0.998614252
1341846331.518344 -0.004244578 -0.064024433 0.108382978 0.032917794 -0.025589054 0.029478619 0.998695493
1341846331.550202 0.002233246 -0.071940482 0.114973336 0.034620840 -0.021631837 0.028596465 0.998757064
1341846331.586139 -0.010635979 -0.057557866 0.123966709 0.037759524 -0.019170828 0.028761320 0.998688936
1341846331.617931 -0.000388475 -0.056251269 0.138298124 0.036892992 -0.020032696 0.029795403 0.998674035
1341846331.654027 -0.005216110 -0.059956528 0.133609086 0.037910152 -0.015752252 0.027738810 0.998771906
1341846331.686123 -0.014571356 -0.047613941 0.135362282 0.040953949 -0.012190389 0.029101124 0.998662770
1341846331.717954 -0.018620521 -0.038697038 0.143145427 0.038117934 -0.013090224 0.029234972 0.998759747
1341846331.754076 -0.005758161 -0.051753715 0.159071371 0.035163168 -0.013395069 0.028458558 0.998886526
1341846331.785920 -0.006021654 -0.052108008 0.168358251 0.038029511 -0.010448074 0.027020380 0.998856604
1341846331.818053 -0.010429586 -0.039829534 0.175922170 0.039218135 -0.008476577 0.026953865 0.998831153
1341846331.853849 -0.007365643 -0.047265280 0.190832376 0.037514873 -0.008312870 0.026584273 0.998907864
1341846331.885987 0.000445661 -0.049011972 0.202850521 0.040184852 -0.006331863 0.024622096 0.998868823
1341846331.922014 -0.001277299 -0.041821908 0.211693928 0.042401385 -0.003070730 0.023495559 0.998819709
1341846331.954037 0.005567566 -0.042542282 0.223122060 0.042085849 -0.000792229 0.024198849 0.998820662
1341846331.986135 0.011722571 -0.053371731 0.236126423 0.043748561 0.004404317 0.025497679 0.998707473
1341846332.022364 0.001717585 -0.059559353 0.249113679 0.049773421 0.009723940 0.025667489 0.998383343
1341846332.054175 -0.002619070 -0.052915186 0.258904219 0.056350950 0.009980702 0.027744066 0.997975647
1341846332.086502 0.000699836 -0.048381876 0.270998448 0.059371352 0.009880344 0.029445643 0.997752666
1341846332.122051 -0.002076730 -0.043673772 0.282776326 0.061354470 0.011211933 0.027880138 0.997663617
1341846332.153983 -0.008104147 -0.029147185 0.292641908 0.060318440 0.011122433 0.024983471 0.997804523
1341846332.190165 -0.013260270 -0.027429640 0.317179024 0.054352485 0.010139059 0.023390429 0.998196304
1341846332.254145 -0.008589189 -0.049491934 0.345108122 0.053102851 0.009726052 0.022118447 0.998296678
1341846332.289948 -0.008222883 -0.043805234 0.353856891 0.055281457 0.009389984 0.024112245 0.998135507
1341846332.322172 -0.006619720 -0.045907937 0.363082647 0.055846009 0.008683330 0.026684163 0.998044968
1341846332.354003 0.002972610 -0.050745476 0.372479230 0.058056470 0.009811339 0.024658075 0.997960567
1341846332.390180 0.000821621 -0.037055191 0.379824460 0.060453631 0.014458331 0.020947654 0.997846425
1341846332.422055 -0.004828292 -0.035297204 0.388160408 0.058446638 0.017350532 0.017241266 0.997990847
1341846332.458114 0.006845778 -0.044488184 0.394907176 0.057108413 0.018615792 0.014495427 0.998089194
1341846332.489993 -0.013449502 -0.030849949 0.411524266 0.059502736 0.022413151 0.014326305 0.997873664
1341846332.522130 -0.017420305 -0.030965682 0.419893861 0.058429562 0.018569447 0.020930445 0.997899413
1341846332.558114 -0.013080264 -0.033913188 0.426814258 0.058335733 0.012884617 0.027787007 0.997827113
1341846332.589874 -0.003980265 -0.021874363 0.432069480 0.059017438 0.009548506 0.032365158 0.997686505
1341846332.621889 -0.002829527 -0.014826153 0.440180779 0.055110514 0.009624331 0.033564184 0.997869611
1341846332.658202 0.002047333 -0.020134918 0.452632427 0.050921958 0.009899128 0.032534368 0.998123527
1341846332.690001 0.002388949 -0.017626176 0.461538821 0.048988990 0.010832586 0.033642571 0.998173833
1341846332.726000 -0.001425728 -0.022238992 0.474654794 0.047618907 0.010173918 0.037639230 0.998104334
1341846332.758386 0.002473488 -0.019804059 0.482596695 0.048619777 0.007756292 0.038613126 0.998040676
1341846332.789937 0.009707244 -0.010097425 0.490246594 0.048409231 0.007964290 0.037049051 0.998108447
1341846332.825925 0.011227730 -0.012172132 0.501695991 0.045751102 0.010420851 0.035098184 0.998281717
1341846332.857898 0.012729514 -0.015146316 0.512708843 0.046271674 0.011741305 0.034842726 0.998252034
1341846332.894069 0.012976862 -0.002415138 0.517739832 0.046932235 0.011724080 0.035060171 0.998213768
1341846332.926029 0.019412862 0.002391910 0.525974214 0.043717593 0.011744535 0.033192463 0.998423338
1341846332.958015 0.023610607 0.003250031 0.534555733 0.040749412 0.013688501 0.030870561 0.998598576
1341846332.994073 0.025643535 0.007183570 0.542581797 0.038155388 0.014849409 0.029473204 0.998726726
1341846333.026545 0.031109754 0.007351261 0.550278544 0.035607304 0.015515349 0.027399795 0.998869777
1341846333.057998 0.039209299 0.008936084 0.556125939 0.034840949 0.016962670 0.028136430 0.998852730
1341846333.094024 0.039937496 0.008194635 0.564094782 0.035023570 0.018695744 0.031725124 0.998707831
1341846333.126095 0.045633238 0.012911214 0.568833172 0.035949130 0.020006005 0.034072123 0.998572290
1341846333.161973 0.049896143 0.019894687 0.573397338 0.035131503 0.022538207 0.035314187 0.998504221
1341846333.195660 0.049329765 0.019727152 0.582311213 0.032535918 0.024791269 0.037109613 0.998473704
1341846333.226331 0.050591301 0.021263128 0.591529250 0.031039434 0.025638046 0.035880655 0.998544872
1341846333.262056 0.055959877 0.027576271 0.591975570 0.028298236 0.025234636 0.034804903 0.998674691
1341846333.294147 0.053627435 0.024195671 0.598730087 0.024545085 0.025651764 0.033500176 0.998807907
1341846333.326100 0.056199398 0.025645588 0.600317359 0.022893729 0.024283929 0.031625472 0.998942494
1341846333.362100 0.059951205 0.033477556 0.601053476 0.020311054 0.023225946 0.030232115 0.999066591
1341846333.394119 0.058397248 0.026861599 0.606898725 0.016428435 0.022490516 0.029821154 0.999167204
1341846333.429974 0.061992586 0.030636758 0.603051543 0.016340207 0.019899987 0.030234408 0.999211192
1341846333.462115 0.060833443 0.025624350 0.596098185 0.015075440 0.020073019 0.028414201 0.999280989
1341846333.494040 0.064116172 0.028148411 0.603864729 0.016721912 0.021008708 0.028158076 0.999242842
1341846333.529953 0.069807760 0.030448871 0.620398581 0.017795956 0.022168064 0.027227838 0.999224961
1341846333.562063 0.066904835 0.033510987 0.620930016 0.018938061 0.024820311 0.028736873 0.999099314
1341846333.594090 0.059096679 0.037559491 0.621788740 0.017847292 0.024964279 0.029531594 0.999092698
1341846333.629994 0.060149718 0.039533339 0.622461975 0.014483992 0.022306785 0.028738149 0.999233127
1341846333.662127 0.063424140 0.039208878 0.620326936 0.011402668 0.020847382 0.028195711 0.999319971
1341846333.697964 0.063534565 0.033218894 0.621224523 0.009072632 0.020932455 0.028960910 0.999320149
1341846333.730092 0.062775090 0.030735819 0.617997646 0.011237622 0.021178542 0.030048421 0.999260902
1341846333.762089 0.062840477 0.033415481 0.613823473 0.013233993 0.021819344 0.031373963 0.999181926
1341846333.798006 0.059178468 0.029915063 0.609756887 0.014372449 0.022937732 0.030807216 0.999158800
1341846333.830055 0.059996869 0.030054014 0.605404794 0.017037017 0.023912180 0.028655786 0.999158084
1341846333.866045 0.054765597 0.030227780 0.601756096 0.018128613 0.025719620 0.027120724 0.999136806
1341846333.897987 0.051175281 0.026122261 0.598643184 0.019510634 0.026106527 0.025949262 0.999131799
1341846333.930099 0.052658025 0.023423107 0.592600226 0.022188528 0.026595093 0.024968321 0.999088109
1341846333.965889 0.049234126 0.024702597 0.586920381 0.024692010 0.027827263 0.024690110 0.999002695
1341846333.997985 0.049458120 0.018779721 0.581010222 0.026735881 0.028628204 0.024526410 0.998931527
1341846334.030076 0.046031948 0.021340966 0.573250353 0.030105861 0.030062165 0.025565337 0.998767436
1341846334.066000 0.041361060 0.019328026 0.567259490 0.031604826 0.030019265 0.026839660 0.998688996
1341846334.097932 0.041394655 0.018700399 0.560727775 0.033589218 0.029936468 0.026319848 0.998640537
1341846334.133884 0.040151328 0.019039584 0.551580787 0.035116479 0.030894969 0.027155265 0.998536408
1341846334.166115 0.033365410 0.019791713 0.544520915 0.035609480 0.029999841 0.027684463 0.998531699
1341846334.198072 0.033363532 0.017966637 0.537301958 0.035891827 0.028183555 0.027012702 0.998592973
1341846334.234097 0.035666298 0.019106630 0.529045045 0.036285281 0.028415268 0.025862299 0.998602569
1341846334.266045 0.028088180 0.015489336 0.525795043 0.036041852 0.030515769 0.026238501 0.998539627
1341846334.297946 0.019397981 0.015856823 0.519536734 0.037504368 0.029659353 0.027588734 0.998475134
1341846334.334036 0.018323384 0.018026717 0.512084782 0.038091168 0.028109485 0.028016549 0.998485863
1341846334.365871 0.019208124 0.020441391 0.501915276 0.037762396 0.027926126 0.026425930 0.998546898
1341846334.401845 0.017198469 0.017974773 0.493697166 0.035875820 0.028681366 0.025520835 0.998618543
1341846334.433864 0.007934642 0.012812261 0.488144279 0.035640463 0.028433742 0.025895275 0.998624444
1341846334.466105 0.007425865 0.017411595 0.480391711 0.036946181 0.026598861 0.026702253 0.998606265
1341846334.502142 0.001422875 0.019002909 0.474870622 0.035776816 0.025481580 0.027517922 0.998655856
1341846334.540153 0.000176109 0.016676467 0.466174692 0.035175409 0.024320226 0.026100671 0.998744249
1341846334.602351 -0.013748253 0.025071891 0.446174741 0.031208480 0.021568395 0.018929442 0.999100864
1341846334.670161 -0.016877955 0.019855851 0.434329510 0.025906753 0.018815862 0.012336825 0.999411106
1341846334.702085 -0.025927166 0.015843391 0.426396310 0.024505377 0.017367324 0.012451241 0.999471366
1341846334.734751 -0.026736453 0.014915007 0.418587893 0.024629747 0.014459838 0.014109768 0.999492526
1341846334.770889 -0.026522445 0.012986359 0.407443672 0.024297660 0.012591275 0.017066188 0.999479771
1341846334.802194 -0.031265154 0.014333670 0.396869600 0.024101060 0.010325911 0.017521745 0.999502659
1341846334.833908 -0.028873861 0.016096983 0.387332767 0.023738217 0.008348239 0.016080594 0.999554038
1341846334.869874 -0.032522686 0.017329562 0.377429157 0.022229437 0.008152342 0.015905097 0.999593139
1341846334.902006 -0.039649103 0.014749736 0.367661923 0.020451281 0.006923010 0.016368087 0.999632895
1341846334.938010 -0.041365843 0.012727564 0.359042436 0.019752290 0.003665609 0.015757840 0.999674022
1341846334.970032 -0.037523706 0.011275018 0.350630850 0.019635443 0.002416375 0.014953995 0.999692500
1341846335.002203 -0.044124655 0.005368187 0.343034416 0.020627799 0.003124640 0.016438123 0.999647200
1341846335.037880 -0.049402051 0.009017780 0.325583726 0.023658676 0.000315022 0.018413406 0.999550521
1341846335.069990 -0.045546904 0.013369840 0.318537116 0.024288233 -0.003018383 0.018481579 0.999529660
1341846335.106038 -0.042456299 0.010125374 0.312630624 0.024300274 -0.002388834 0.017053232 0.999556422
1341846335.138045 -0.048964728 0.009083877 0.299175858 0.025952345 -0.000872373 0.016519083 0.999526322
1341846335.169900 -0.054941777 0.013552281 0.282349348 0.026543416 -0.003044031 0.016260542 0.999510825
1341846335.206091 -0.050721221 0.013104148 0.275109351 0.025640676 -0.005516429 0.014280522 0.999553978
1341846335.239365 -0.051404346 0.007181991 0.267157674 0.025146332 -0.004382137 0.011718107 0.999605477
1341846335.269948 -0.055797607 0.003926318 0.256809860 0.026340004 -0.002963839 0.010893355 0.999589324
1341846335.305972 -0.060435906 0.002708308 0.242198795 0.028138028 -0.004257489 0.011477263 0.999529123
1341846335.338012 -0.057949007 0.002947941 0.240013480 0.029804520 -0.006134257 0.013241608 0.999449253
1341846335.374005 -0.056649145 -0.004571639 0.241115257 0.033756308 -0.004600925 0.013621994 0.999326706
1341846335.406025 -0.059306677 -0.004692323 0.230349287 0.040338740 -0.002070077 0.015629373 0.999061704
1341846335.438079 -0.059107091 0.003717752 0.209186941 0.046157829 -0.001141623 0.018726870 0.998758018
1341846335.473998 -0.057244543 0.008001322 0.197184741 0.048508953 0.000334000 0.019561868 0.998631120
1341846335.507038 -0.058194648 0.015390623 0.187789097 0.050005540 0.002847478 0.017715655 0.998587787
1341846335.538040 -0.064101219 0.019137383 0.179101661 0.049380735 0.005632295 0.016260490 0.998631835
1341846335.574119 -0.070640534 0.021958183 0.169144422 0.046962801 0.005874369 0.016453771 0.998743892
1341846335.605970 -0.070758812 0.014597925 0.164208397 0.045008678 0.004990815 0.015833199 0.998848677
1341846335.641978 -0.067247778 0.016435124 0.153626129 0.046353195 0.005840743 0.013386693 0.998818398
1341846335.673993 -0.072496511 0.019166877 0.137409702 0.046159882 0.006942648 0.012962197 0.998825908
1341846335.706178 -0.075425290 0.018141128 0.128066465 0.045520239 0.005591348 0.013871834 0.998851478
1341846335.741982 -0.072632223 0.017019305 0.122189954 0.045958068 0.004961529 0.013478044 0.998840094
1341846335.773960 -0.073924780 0.021950772 0.103457063 0.046289627 0.005679559 0.012692084 0.998831272
1341846335.806271 -0.075228274 0.025968429 0.091406286 0.044470347 0.005052046 0.012923733 0.998914361
1341846335.842031 -0.074767768 0.020751575 0.090739973 0.042112321 0.005570027 0.013357413 0.999008119
1341846335.873966 -0.077585638 0.019879639 0.080919564 0.043196611 0.007190114 0.012534821 0.998962164
1341846335.910005 -0.084975891 0.024393423 0.065329522 0.042895127 0.007667453 0.014102546 0.998950660
1341846335.941936 -0.087774396 0.024747342 0.052064452 0.041950632 0.005879065 0.014879595 0.998991668
1341846335.974198 -0.085718043 0.024555236 0.045744397 0.041701507 0.004682124 0.013065761 0.999033689
1341846336.010032 -0.089843392 0.025689131 0.034095105 0.041597698 0.004882097 0.011470731 0.999056697
1341846336.042129 -0.095530175 0.026791096 0.022908341 0.040805254 0.003777927 0.011795059 0.999090433
1341846336.078076 -0.095963180 0.023608254 0.014866716 0.040545300 0.001752070 0.011352296 0.999111652
1341846336.110739 -0.094052233 0.025175074 0.008711902 0.041101810 0.001236365 0.010105025 0.999103129
1341846336.142002 -0.102168061 0.025151152 -0.004221587 0.041003600 0.001836854 0.010403190 0.999103189
1341846336.183953 -0.105785646 0.028589420 -0.019198306 0.040791236 -0.000617235 0.011463631 0.999101818
1341846336.241891 -0.106468566 0.029420543 -0.019485923 0.038929500 -0.001721520 0.011140964 0.999178410
1341846336.277946 -0.112734675 0.021661162 -0.032537594 0.038719747 -0.000927298 0.012932318 0.999166071
1341846336.309977 -0.118699729 0.021368669 -0.037108045 0.041446477 -0.003245933 0.015662536 0.999012768
1341846336.346143 -0.117225856 0.027693423 -0.047092278 0.043653723 -0.004758943 0.016779706 0.998894513
1341846336.377975 -0.116689473 0.027333396 -0.051998295 0.044298541 -0.004686219 0.016499130 0.998871148
1341846336.410032 -0.118907765 0.029521748 -0.065350987 0.045248866 -0.004000590 0.016616063 0.998829544
1341846336.446041 -0.122910984 0.034409031 -0.077697545 0.045149490 -0.004202271 0.015940491 0.998844266
1341846336.477990 -0.122261919 0.031869646 -0.078992739 0.043867733 -0.004412526 0.015919359 0.998900831
1341846336.510056 -0.125074401 0.030123420 -0.083213732 0.044129927 -0.003662013 0.016442206 0.998883843
1341846336.546024 -0.124003284 0.029540148 -0.092881650 0.045091569 -0.003815573 0.017944532 0.998814464
1341846336.578003 -0.129151165 0.038522691 -0.103805937 0.045407347 -0.003990005 0.020158950 0.998757184
1341846336.614020 -0.123877496 0.038129278 -0.108958565 0.044634677 -0.003792495 0.019340781 0.998808980
1341846336.645982 -0.130855426 0.043102678 -0.116859473 0.043830484 -0.001968593 0.018437928 0.998866916
1341846336.678036 -0.138588801 0.038162310 -0.122913554 0.041713480 -0.003347936 0.018740835 0.998948276
1341846336.714024 -0.138036981 0.030831860 -0.119977891 0.042832963 -0.005933306 0.018707789 0.998889506
1341846336.746016 -0.143528983 0.027690327 -0.127257913 0.046481598 -0.007772261 0.020185148 0.998685002
1341846336.778014 -0.148403555 0.035226129 -0.139614895 0.049566444 -0.011428166 0.023674551 0.998424828
1341846336.820006 -0.147457972 0.040371917 -0.143414721 0.050405584 -0.015345413 0.025854044 0.998276174
1341846336.882056 -0.152169049 0.038285635 -0.152577937 0.053015303 -0.017333921 0.024567297 0.998140991
1341846336.914273 -0.155516922 0.029992253 -0.151957035 0.054716151 -0.022041827 0.027243592 0.997886837
1341846336.945998 -0.156436160 0.029339340 -0.151871458 0.060916055 -0.028061086 0.028726809 0.997334778
1341846336.981980 -0.155693009 0.048944462 -0.183622852 0.065334834 -0.031970091 0.027319776 0.996976912
1341846337.014238 -0.154659927 0.054669566 -0.180276170 0.062658019 -0.035071682 0.025349129 0.997096539
1341846337.046017 -0.153398573 0.049583994 -0.171653569 0.060110379 -0.036572140 0.021329362 0.997293472
1341846337.082104 -0.157802269 0.050075524 -0.179872081 0.059477750 -0.036637291 0.017840024 0.997397542
1341846337.114317 -0.161923006 0.048963279 -0.184299454 0.057563934 -0.038767494 0.017494701 0.997435451
1341846337.150037 -0.158803657 0.048475515 -0.184804201 0.055956736 -0.040824570 0.016365424 0.997464001
1341846337.181873 -0.154629976 0.049831726 -0.187669680 0.055563569 -0.040859606 0.013337783 0.997529626
1341846337.214073 -0.159091368 0.057543218 -0.191417396 0.053756144 -0.039063506 0.010560422 0.997733891
1341846337.250087 -0.173442096 0.046853699 -0.183313012 0.050493039 -0.040067166 0.012218293 0.997845590
1341846337.282028 -0.172226712 0.046101294 -0.185293823 0.051655345 -0.044307228 0.015546232 0.997560501
1341846337.317920 -0.159666181 0.053802371 -0.185494170 0.051926091 -0.046543963 0.016066277 0.997436404
1341846337.350018 -0.163477749 0.057896353 -0.208762333 0.050148595 -0.045253359 0.015777193 0.997591317
1341846337.382159 -0.158398762 0.051205687 -0.208318755 0.046958346 -0.045397751 0.014261677 0.997762859
1341846337.417941 -0.163481623 0.042300973 -0.206660733 0.047334727 -0.044188205 0.013678808 0.997807443
1341846337.450137 -0.161655188 0.051810861 -0.218276724 0.048374787 -0.046153862 0.015044691 0.997648954
1341846337.482096 -0.156522036 0.048597805 -0.221850321 0.046544757 -0.046800788 0.016133534 0.997688830
1341846337.518008 -0.158768967 0.041848332 -0.223280549 0.047167521 -0.046979941 0.016005557 0.997653246
1341846337.549978 -0.156961739 0.054292616 -0.230739981 0.048032228 -0.047833826 0.014522704 0.997594059
1341846337.585971 -0.156080857 0.051099554 -0.228470638 0.045095425 -0.048234913 0.013647560 0.997724175
1341846337.617903 -0.161173388 0.032964099 -0.214649469 0.045510799 -0.048617139 0.013613602 0.997687221
1341846337.650141 -0.156318486 0.048843384 -0.223714769 0.048926637 -0.049149800 0.013214900 0.997504890
1341846337.686352 -0.162566885 0.052761480 -0.221383721 0.047325503 -0.048744604 0.013835631 0.997593522
1341846337.718002 -0.156906590 0.046670236 -0.214843750 0.045132775 -0.048769772 0.014167617 0.997689307
1341846337.749920 -0.154829264 0.051761966 -0.211607069 0.045181993 -0.046931155 0.013476240 0.997784793
1341846337.786157 -0.156363353 0.057570904 -0.209524646 0.042414580 -0.044135198 0.013633974 0.998031676
1341846337.817945 -0.154955238 0.049155932 -0.201158494 0.039460804 -0.042098112 0.015131046 0.998219252
1341846337.854071 -0.151069880 0.056728430 -0.196270421 0.038780939 -0.039069746 0.014727047 0.998375058
1341846337.885951 -0.155177638 0.060839456 -0.194443464 0.035822183 -0.036350947 0.012736758 0.998615623
1341846337.918223 -0.151779458 0.061381649 -0.187377244 0.031574216 -0.035305992 0.010313337 0.998824477
1341846337.954120 -0.152980447 0.057380505 -0.179045707 0.029048232 -0.033776399 0.009691625 0.998960257
1341846337.985994 -0.147278935 0.062736630 -0.167971119 0.026737340 -0.033288240 0.010176027 0.999036252
1341846338.018107 -0.144905344 0.058540225 -0.161492556 0.023098873 -0.031766050 0.011297733 0.999164522
1341846338.054055 -0.143110454 0.069965892 -0.162039340 0.021253644 -0.030072955 0.009876481 0.999272943
1341846338.085986 -0.138109669 0.068489239 -0.147985041 0.017911492 -0.027274439 0.009752546 0.999419987
1341846338.121875 -0.140360057 0.064683437 -0.142789230 0.015723623 -0.024670534 0.011231260 0.999508917
1341846338.154089 -0.142415881 0.064672500 -0.138636857 0.014894279 -0.023909749 0.014203751 0.999502301
1341846338.186029 -0.139423877 0.067101955 -0.129946113 0.013892113 -0.024545472 0.016893975 0.999459445
1341846338.222071 -0.130275533 0.071102515 -0.117349438 0.012877371 -0.023937868 0.016738145 0.999490440
1341846338.254107 -0.133276358 0.065840110 -0.110894009 0.010748056 -0.021681311 0.016761824 0.999566615
1341846338.290130 -0.132423475 0.061984174 -0.102880634 0.010947906 -0.021717738 0.018521227 0.999532640
1341846338.321952 -0.128424525 0.067829967 -0.094827853 0.011284887 -0.021113461 0.020540597 0.999502361
1341846338.354022 -0.128971398 0.062028684 -0.090282418 0.009953187 -0.020348532 0.021031626 0.999522150
1341846338.389969 -0.126733139 0.068924114 -0.079794601 0.009952056 -0.019549685 0.021372689 0.999530911
1341846338.422377 -0.126734436 0.065841004 -0.070950598 0.007826869 -0.019118842 0.021476461 0.999555886
1341846338.454010 -0.127589971 0.069428809 -0.063398860 0.007267444 -0.019222297 0.019833114 0.999592125
1341846338.489894 -0.123991616 0.068781175 -0.051688872 0.005472645 -0.019915102 0.020601148 0.999574482
1341846338.522066 -0.119781986 0.065658651 -0.039978646 0.005988866 -0.019946510 0.020490957 0.999573112
1341846338.558058 -0.122183822 0.075495884 -0.037122373 0.006087221 -0.019584350 0.019161336 0.999606073
1341846338.589842 -0.116720088 0.071658529 -0.023639223 0.003592433 -0.020267066 0.019219825 0.999603450
1341846338.622019 -0.111923262 0.066043004 -0.011173939 0.003865818 -0.019480713 0.020477723 0.999593019
1341846338.657984 -0.118092939 0.077620454 -0.002746908 0.005106889 -0.019232132 0.022150496 0.999556661
1341846338.690198 -0.109843031 0.080938779 0.008105882 0.003228510 -0.020581724 0.022283034 0.999534667
1341846338.722454 -0.104733817 0.073083803 0.023089832 0.001954128 -0.019755041 0.022553412 0.999548614
1341846338.757945 -0.111014925 0.081045628 0.023961596 0.002696031 -0.019080922 0.023866842 0.999529481
1341846338.790039 -0.106582023 0.079743683 0.036497951 0.000459641 -0.021482112 0.024680661 0.999464512
1341846338.826048 -0.094958209 0.076880895 0.057596508 0.000558477 -0.021579586 0.023606414 0.999488235
1341846338.858027 -0.102697805 0.083770283 0.050380655 0.000957478 -0.019112015 0.021918472 0.999576628
1341846338.889902 -0.102631800 0.084604032 0.062580660 -0.001571976 -0.019934103 0.021546468 0.999567926
1341846338.925948 -0.092345186 0.080271222 0.082714394 -0.002637521 -0.020166818 0.020483952 0.999583364
1341846338.958108 -0.094279177 0.081497356 0.090163410 -0.002268874 -0.017791396 0.018959168 0.999659359
1341846338.990057 -0.092254817 0.078006536 0.101619646 -0.002236069 -0.017804915 0.020220978 0.999634504
1341846339.025928 -0.083051287 0.076685518 0.118773319 -0.000152840 -0.017618056 0.020658467 0.999631345
1341846339.057939 -0.084588706 0.083582282 0.122173704 0.002989401 -0.014929015 0.020386744 0.999676228
1341846339.093927 -0.090736814 0.091447167 0.125218347 0.002249199 -0.014706975 0.021252623 0.999663413
1341846339.126562 -0.080747694 0.095676214 0.138666645 -0.000654787 -0.016537132 0.020435609 0.999654174
1341846339.157969 -0.073457949 0.094198197 0.153720498 -0.003311583 -0.014444782 0.018560803 0.999717951
1341846339.194113 -0.082669429 0.097937889 0.154303446 -0.004944504 -0.012340236 0.019221980 0.999726892
1341846339.228165 -0.078585528 0.102250621 0.161423236 -0.008197065 -0.014740390 0.021964582 0.999616504
1341846339.257998 -0.065298177 0.098317988 0.181330621 -0.011126008 -0.015282554 0.022768501 0.999562085
1341846339.294132 -0.067355193 0.101051308 0.183587164 -0.011128292 -0.012430377 0.023683177 0.999580324
1341846339.326577 -0.076762438 0.113437288 0.192626983 -0.013628254 -0.012933990 0.025595114 0.999495804
1341846339.362269 -0.063656844 0.108231358 0.215944588 -0.018355159 -0.016232615 0.024005927 0.999411464
1341846339.394725 -0.057437293 0.107302651 0.223086089 -0.019321691 -0.014745262 0.023572156 0.999426603
1341846339.462186 -0.051640470 0.107028544 0.244733050 -0.022993198 -0.015893197 0.023981666 0.999321640
1341846339.496743 -0.040785324 0.106038615 0.265980065 -0.020450050 -0.013269816 0.022321220 0.999453604
1341846339.562052 -0.046274744 0.104765609 0.270782918 -0.019278664 -0.008990986 0.023294108 0.999502361
1341846339.595122 -0.036752295 0.107160665 0.282661945 -0.017082484 -0.009297679 0.023510622 0.999534428
1341846339.632085 -0.035638630 0.108511269 0.281634808 -0.015477777 -0.005411346 0.021647207 0.999631226
1341846339.664568 -0.029312558 0.104121245 0.295592666 -0.016046943 -0.003269769 0.019056961 0.999684274
1341846339.698896 -0.028821172 0.101584889 0.308355063 -0.016452061 -0.002066509 0.018492080 0.999691546
1341846339.731977 -0.022184236 0.100355208 0.319755256 -0.016360242 -0.002286638 0.017556064 0.999709427
1341846339.762241 -0.018060520 0.099430934 0.328464419 -0.016031105 -0.001222863 0.017116530 0.999724269
1341846339.797873 -0.018924797 0.099051729 0.333192766 -0.016042650 -0.000425383 0.018190987 0.999705791
1341846339.830245 -0.016695255 0.100590713 0.342054695 -0.015863566 -0.000897281 0.017814025 0.999715090
1341846339.862015 -0.012667350 0.100767389 0.344553858 -0.016441444 -0.001033960 0.018014228 0.999702036
1341846339.897797 -0.007428995 0.099573471 0.353132218 -0.017576758 -0.000150552 0.017499153 0.999692380
1341846339.929916 -0.007808561 0.094897702 0.356485605 -0.018309949 0.001268367 0.018828440 0.999654293
1341846339.961960 -0.007596562 0.094801091 0.364738315 -0.016799334 0.000651262 0.019814527 0.999662340
1341846339.997845 0.004957479 0.093054272 0.371863484 -0.015803782 0.000728148 0.019711765 0.999680519
1341846340.029925 0.006768773 0.090770788 0.382048398 -0.015242918 0.003134656 0.021026766 0.999657810
1341846340.066044 0.008679461 0.089403428 0.392314225 -0.013289676 0.004557543 0.022057107 0.999658048
1341846340.098009 0.007878318 0.093489371 0.392542720 -0.011868519 0.005389538 0.022475416 0.999662459
1341846340.130102 0.011776986 0.094246164 0.401755065 -0.012358559 0.004959015 0.021534177 0.999679446
1341846340.166041 0.018111814 0.089163393 0.405799985 -0.012103103 0.006633099 0.020340195 0.999697924
1341846340.197867 0.015573404 0.092403494 0.410156339 -0.010594603 0.009623447 0.019593487 0.999705613
1341846340.229904 0.016563844 0.096022896 0.416886657 -0.011521547 0.009465409 0.019403107 0.999700546
1341846340.265859 0.023904482 0.090290017 0.427569807 -0.012605096 0.009838369 0.019361338 0.999684691
1341846340.298061 0.024182899 0.090653554 0.431230426 -0.010520472 0.012344145 0.019631978 0.999675751
1341846340.334063 0.019353662 0.097517334 0.437298626 -0.010762214 0.012026956 0.021512458 0.999638319
1341846340.366064 0.025066830 0.091316223 0.447569907 -0.012802775 0.009683562 0.020728173 0.999656320
1341846340.397995 0.030481355 0.090571381 0.449438751 -0.011062393 0.009832390 0.020329820 0.999683797
1341846340.433895 0.030232038 0.092900217 0.453856438 -0.010251444 0.009758633 0.021327183 0.999672353
1341846340.465959 0.029176917 0.091578797 0.459885865 -0.009763945 0.007646899 0.022564191 0.999668479
1341846340.501858 0.036986139 0.090200424 0.458962977 -0.009276030 0.003393105 0.022855991 0.999690056
1341846340.534329 0.042606380 0.091741413 0.457531929 -0.008567372 0.001706635 0.022825254 0.999701321
1341846340.566041 0.046562254 0.087585479 0.459949791 -0.007695052 0.000668790 0.023204299 0.999700904
1341846340.601909 0.050664697 0.088517383 0.455979377 -0.005073378 -0.000054741 0.023753336 0.999705076
1341846340.634005 0.053056814 0.092156112 0.453503847 -0.003832383 -0.000542109 0.022604235 0.999737024
1341846340.666028 0.058271632 0.089524262 0.452958107 -0.004251748 -0.000679694 0.020366583 0.999783337
1341846340.701946 0.061675861 0.086303577 0.444968283 -0.003148220 0.000664535 0.019095991 0.999812484
1341846340.733954 0.063729957 0.090085827 0.444139987 -0.001806249 0.002262657 0.017655563 0.999840021
1341846340.770081 0.062586948 0.091001429 0.444629967 -0.002488726 0.002982264 0.015001100 0.999879956
1341846340.801980 0.068080395 0.088628516 0.442284405 -0.002667561 0.003419091 0.009877432 0.999941885
1341846340.833999 0.067035764 0.093569569 0.440014482 -0.002290454 0.006020886 0.005775360 0.999962628
1341846340.870013 0.063476942 0.092104949 0.442674488 -0.003747098 0.006402654 0.003608061 0.999965966
1341846340.901955 0.066885643 0.087580837 0.439589858 -0.003262858 0.005778939 0.003421916 0.999972165
1341846340.933918 0.064685427 0.087802097 0.436954916 -0.001288070 0.005525140 0.005782236 0.999967217
1341846340.970122 0.061575871 0.089921445 0.433666974 0.000216344 0.002930219 0.010540319 0.999940157
1341846341.001922 0.062145617 0.087212391 0.430383384 0.001214808 -0.001084065 0.015606748 0.999876916
1341846341.037923 0.066033646 0.088385746 0.427690238 0.002812916 -0.004015218 0.018493686 0.999816954
1341846341.070300 0.066008382 0.088935204 0.425179988 0.003167922 -0.004865878 0.018499009 0.999812007
1341846341.102028 0.061527457 0.088148221 0.424811393 0.003029981 -0.005889341 0.018924052 0.999799013
1341846341.137982 0.063231185 0.086920336 0.422473282 0.002886918 -0.007957373 0.019111529 0.999781549
1341846341.170048 0.064393140 0.083095901 0.421431601 0.002913209 -0.008348403 0.019699818 0.999766886
1341846341.202110 0.063710958 0.081635699 0.417487651 0.004188144 -0.008560096 0.021464534 0.999724209
1341846341.237996 0.065933362 0.082339078 0.413525105 0.005987425 -0.008607911 0.022198783 0.999698579
1341846341.269883 0.063217327 0.083089851 0.412656903 0.007194880 -0.007797947 0.022446362 0.999691784
1341846341.306107 0.062578842 0.084045552 0.410774380 0.008033244 -0.008411610 0.021611974 0.999698758
1341846341.338109 0.065299712 0.083834223 0.409068346 0.008729509 -0.008322002 0.020013014 0.999727011
1341846341.370120 0.064809963 0.084518112 0.406951845 0.009447756 -0.006999442 0.017387401 0.999779701
1341846341.406074 0.060883917 0.087040916 0.407594562 0.009877712 -0.006133722 0.016644968 0.999793887
1341846341.438113 0.063025236 0.079835124 0.402451426 0.010426868 -0.008173843 0.017042585 0.999767005
1341846341.470024 0.067282394 0.081099167 0.399657011 0.013319800 -0.008900663 0.015441910 0.999752462
1341846341.506077 0.062865697 0.088083006 0.398491144 0.013953617 -0.007530686 0.014055421 0.999775529
1341846341.538156 0.058391102 0.083823279 0.398734629 0.012626780 -0.008912975 0.014488258 0.999775589
1341846341.574016 0.061294891 0.082772769 0.396933943 0.013482830 -0.011429312 0.015541913 0.999723017
1341846341.612466 0.061318412 0.086071149 0.392815590 0.014262698 -0.012058934 0.016138667 0.999695301
1341846341.643972 0.058219712 0.088416800 0.392821997 0.013629120 -0.013150427 0.015094991 0.999706745
1341846341.679982 0.056853659 0.085071541 0.391758025 0.013037050 -0.014439294 0.015529821 0.999690175
1341846341.712332 0.054506499 0.086983539 0.388956457 0.013965406 -0.016498845 0.018543532 0.999594390
1341846341.744185 0.056614675 0.085801378 0.387481302 0.014220568 -0.018656315 0.020523015 0.999514222
1341846341.780061 0.054838203 0.087344065 0.383357376 0.015045586 -0.018883014 0.021589039 0.999475420
1341846341.842595 0.062269777 0.079686634 0.378358096 0.016178409 -0.020521609 0.026975470 0.999294519
1341846341.906227 0.061023254 0.077017277 0.373517364 0.019407539 -0.020931341 0.031802390 0.999086559
1341846341.942069 0.061564442 0.070973009 0.371432096 0.022099484 -0.020889863 0.033497099 0.998976052
1341846341.974775 0.062362351 0.072166175 0.367478371 0.025622340 -0.021143820 0.035322744 0.998823702
1341846342.010161 0.058663160 0.074237123 0.365397722 0.026539041 -0.022066079 0.037289165 0.998708367
1341846342.042024 0.065740161 0.067277044 0.364572585 0.027498741 -0.023470232 0.037630077 0.998637557
1341846342.080032 0.068780862 0.071657270 0.362345576 0.030117830 -0.021510424 0.037672006 0.998604536
1341846342.112265 0.063198105 0.068560719 0.363443017 0.030214569 -0.020241231 0.039434846 0.998560071
1341846342.147954 0.064496934 0.062953278 0.362030357 0.032024786 -0.021548815 0.041476510 0.998393655
1341846342.179852 0.065721460 0.067393966 0.361097991 0.035533689 -0.021097085 0.042902444 0.998224318
1341846342.211848 0.063911125 0.068808615 0.360033631 0.036263723 -0.020230813 0.042685702 0.998225272
1341846342.247920 0.064998046 0.065560281 0.359729320 0.037073921 -0.020133391 0.041368153 0.998252928
1341846342.279870 0.066301405 0.065399230 0.357640743 0.038611840 -0.019743523 0.041757129 0.998186231
1341846342.316068 0.066290647 0.065621890 0.356108963 0.039969392 -0.019539014 0.042719815 0.998096108
1341846342.347894 0.069299690 0.069335513 0.356495619 0.040722579 -0.019884355 0.042732425 0.998058259
1341846342.379953 0.074582055 0.066413112 0.352903873 0.040299617 -0.019880660 0.043399546 0.998046696
1341846342.416195 0.071849622 0.066693701 0.352184713 0.040935896 -0.019414021 0.044564605 0.997978628
