1341846313.592026 0.0000000 0.0000000 0.0000000 -0.0000000 -0.0000000 -0.0000000 1.0000000
1341846313.654184 0.0029590 -0.0018165 -0.0046189 -0.0008587 -0.0027238 0.0044844 0.9999859
1341846313.686156 0.0123654 -0.0021418 0.0006948 -0.0000170 -0.0053886 0.0047281 0.9999743
1341846313.890011 0.0608704 0.0082637 0.0040570 0.0007572 -0.0043949 0.0044057 0.9999804
1341846314.290052 0.1439628 0.0213650 0.0220529 -0.0145119 0.0290191 0.0184684 0.9993029
1341846314.794030 0.2430797 0.0082998 0.0125354 -0.0053501 0.0692256 0.0132016 0.9974993
1341846314.862145 0.2594669 0.0184098 0.0067219 -0.0023684 0.0762747 0.0150557 0.9969704
1341846314.925969 0.2699176 0.0207272 0.0110269 -0.0024756 0.0826364 0.0206646 0.9963624
1341846315.161941 0.3100145 0.0431017 0.0025564 -0.0080745 0.0873671 0.0293133 0.9957121
1341846315.230076 0.3188326 0.0330217 0.0083128 -0.0189586 0.0841338 0.0215135 0.9960418
1341846315.466047 0.3725477 0.0295554 0.0114036 -0.0091943 0.0780911 0.0381386 0.9961740
1341846315.834140 0.3723253 0.0201184 0.0192271 -0.0203924 0.0945301 0.0397096 0.9945207
1341846316.334208 0.2746831 0.0029504 0.0210620 -0.0035038 0.0945197 0.0229946 0.9952512
1341846317.073972 0.1079562 -0.0163304 0.0101335 0.0204052 0.0673642 0.0285727 0.9971105
1341846317.410120 0.0367221 -0.0117915 0.0220896 0.0334368 0.0424359 0.0521210 0.9971783
1341846317.610159 -0.0057778 -0.0215009 0.0261487 0.0453638 0.0419029 0.0610691 0.9962213
1341846317.677993 -0.0321021 -0.0198265 0.0259784 0.0486692 0.0391599 0.0656912 0.9958828
1341846317.841886 -0.0725952 -0.0077814 0.0264496 0.0495862 0.0321506 0.0605008 0.9964172
1341846318.145957 -0.1419034 -0.0140602 0.0331413 0.0500741 0.0269486 0.0454481 0.9973469
1341846318.345989 -0.2104115 -0.0322180 0.0164172 0.0591829 0.0016717 0.0407679 0.9974130
1341846318.514144 -0.2427912 -0.0292781 0.0333195 0.0664415 -0.0212833 0.0409254 0.9967235
1341846319.418386 -0.4675753 -0.0295943 0.0087495 0.0856248 -0.0792449 0.0555414 0.9916168
1341846319.554083 -0.5004185 -0.0267324 0.0249093 0.0805543 -0.0874071 0.0493464 0.9916834
1341846319.686352 -0.5427725 -0.0376687 0.0081348 0.0796733 -0.0982626 0.0434393 0.9910145
1341846319.990054 -0.5770598 -0.0383326 0.0219398 0.0646191 -0.1210387 0.0515806 0.9891984
1341846320.190003 -0.5313013 -0.0379994 0.0246511 0.0756719 -0.1254340 0.0509561 0.9878986
1341846320.426544 -0.4317609 -0.0378856 0.0484131 0.1072487 -0.1142045 0.0535604 0.9861979
1341846323.273997 0.0130175 -0.3277108 0.0878674 0.0955776 0.0039198 0.0179869 0.9952518
1341846323.573913 0.0518376 -0.4060778 0.0847238 0.0933930 0.0005141 0.0143490 0.9955258
1341846323.774928 0.0214787 -0.4481018 0.0878471 0.1024803 0.0025316 0.0155000 0.9946110
1341846324.419908 0.0188318 -0.3784818 0.0827614 0.1003290 0.0023764 -0.0193721 0.9947629
1341846326.994594 -0.0348909 0.3222056 0.2276653 0.0731125 0.0343376 0.0741340 0.9939716
1341846327.262014 -0.0164855 0.4035748 0.2452725 0.0654690 0.0469405 0.0595272 0.9949709
1341846327.461965 -0.0415915 0.4977367 0.2713911 0.0582037 0.0744260 0.0365465 0.9948555
1341846327.598010 -0.0453245 0.5262709 0.2899805 0.0525759 0.0678755 0.0482607 0.9951380
1341846327.697919 -0.0448419 0.5647913 0.2871577 0.0558108 0.0585759 0.0453112 0.9956912
1341846327.966065 -0.0421068 0.6604072 0.3009928 0.0221068 0.0558773 0.0463335 0.9971170
1341846328.234044 -0.0489336 0.6261420 0.2967917 0.0051728 0.0513547 0.0442278 0.9976872
1341846328.433920 -0.0519122 0.5146643 0.2766740 0.0313961 0.0499650 0.0459124 0.9972010
1341846328.770129 -0.0196210 0.3110148 0.2408108 0.0588157 0.0276673 0.0265317 0.9975326
1341846329.106125 0.0068741 0.1969295 0.2076861 0.0729576 0.0087904 0.0297347 0.9968530
1341846329.405985 0.0194678 0.1162299 0.1817694 0.0681939 -0.0028174 0.0189827 0.9974875
1341846329.748113 0.0214208 0.0429439 0.1564223 0.0706997 -0.0162985 0.0020391 0.9973624
1341846330.949903 -0.0321608 -0.0707974 0.0942089 0.0104592 -0.0397837 0.0394901 0.9983729
1341846331.382003 0.0184756 -0.0862529 0.0923025 0.0241863 -0.0446883 0.0308333 0.9982321
1341846331.654027 -0.0052161 -0.0599565 0.1336091 0.0379102 -0.0157523 0.0277388 0.9987719
1341846332.190165 -0.0132603 -0.0274296 0.3171790 0.0543525 0.0101391 0.0233904 0.9981963
1341846332.489993 -0.0134495 -0.0308499 0.4115243 0.0595027 0.0224132 0.0143263 0.9978737
1341846332.789937 0.0097072 -0.0100974 0.4902466 0.0484092 0.0079643 0.0370491 0.9981084
1341846333.226331 0.0505913 0.0212631 0.5915293 0.0310394 0.0256380 0.0358807 0.9985449
1341846333.529953 0.0698078 0.0304489 0.6203986 0.0177960 0.0221681 0.0272278 0.9992250
1341846333.830055 0.0599969 0.0300540 0.6054048 0.0170370 0.0239122 0.0286558 0.9991581
1341846334.133884 0.0401513 0.0190396 0.5515808 0.0351165 0.0308950 0.0271553 0.9985364
1341846334.466105 0.0074259 0.0174116 0.4803917 0.0369462 0.0265989 0.0267023 0.9986063
1341846334.770889 -0.0265224 0.0129864 0.4074437 0.0242977 0.0125913 0.0170662 0.9994798
1341846335.239365 -0.0514043 0.0071820 0.2671577 0.0251463 -0.0043821 0.0117181 0.9996055
1341846335.538040 -0.0641012 0.0191374 0.1791017 0.0493807 0.0056323 0.0162605 0.9986318
1341846335.910005 -0.0849759 0.0243934 0.0653295 0.0428951 0.0076675 0.0141025 0.9989507
1341846336.241891 -0.1064686 0.0294205 -0.0194859 0.0389295 -0.0017215 0.0111410 0.9991784
1341846336.578003 -0.1291512 0.0385227 -0.1038059 0.0454073 -0.0039900 0.0201590 0.9987572
1341846336.981980 -0.1556930 0.0489445 -0.1836229 0.0653348 -0.0319701 0.0273198 0.9969769
1341846337.350018 -0.1634778 0.0578964 -0.2087623 0.0501486 -0.0452534 0.0157772 0.9975913
1341846337.686352 -0.1625669 0.0527615 -0.2213837 0.0473255 -0.0487446 0.0138356 0.9975935
1341846338.054055 -0.1431104 0.0699659 -0.1620393 0.0212536 -0.0300730 0.0098765 0.9992729
1341846338.354022 -0.1289714 0.0620287 -0.0902824 0.0099532 -0.0203485 0.0210316 0.9995221
1341846338.657984 -0.1180929 0.0776205 -0.0027469 0.0051069 -0.0192321 0.0221505 0.9995567
1341846338.958108 -0.0942792 0.0814973 0.0901634 -0.0022689 -0.0177914 0.0189592 0.9996594
1341846339.326577 -0.0767624 0.1134373 0.1926270 -0.0136283 -0.0129340 0.0255951 0.9994958
1341846339.664568 -0.0293126 0.1041213 0.2955927 -0.0160469 -0.0032698 0.0190570 0.9996843
1341846339.997845 0.0049575 0.0930543 0.3718635 -0.0158038 0.0007281 0.0197118 0.9996805
1341846340.334063 0.0193537 0.0975173 0.4372986 -0.0107622 0.0120270 0.0215125 0.9996383
1341846340.701946 0.0616759 0.0863036 0.4449683 -0.0031482 0.0006645 0.0190960 0.9998125
1341846341.070300 0.0660084 0.0889352 0.4251800 0.0031679 -0.0048659 0.0184990 0.9998120
1341846341.438113 0.0630252 0.0798351 0.4024514 0.0104269 -0.0081738 0.0170426 0.9997670
1341846341.842595 0.0622698 0.0796866 0.3783581 0.0161784 -0.0205216 0.0269755 0.9992945
1341846342.347894 0.0692997 0.0693355 0.3564956 0.0407226 -0.0198844 0.0427324 0.9980583
