1341846313.592026 0.000000000 0.000000000 0.000000000 -0.000000000 -0.000000000 -0.000000000 1.000000000
1341846313.654184 0.003499810 -0.001759410 -0.004126303 -0.000938164 -0.002869746 0.004597999 0.999984920
1341846313.686156 0.011406708 -0.003029264 0.001723633 -0.000187331 -0.005256942 0.004468418 0.999976158
1341846313.721918 0.020290310 0.003369482 -0.000596406 0.000628665 -0.006860671 0.004950927 0.999963999
1341846313.753994 0.026481278 0.000606850 0.003742636 -0.000236005 -0.007512680 0.006042463 0.999953508
1341846313.789969 0.033209186 -0.001004547 0.005897329 0.000601798 -0.008130909 0.004138050 0.999958217
1341846313.822075 0.044995200 0.006243428 0.003747095 0.001505391 -0.007812042 0.003207547 0.999963224
1341846313.853928 0.054698732 0.003979754 0.010068728 0.000516771 -0.006062930 0.002686735 0.999977887
1341846313.890011 0.057629142 0.008825725 0.007125658 0.001015981 -0.004051120 0.003449083 0.999985337
1341846313.922055 0.065816373 0.014558849 0.004860806 -0.000363535 -0.004039705 0.004894313 0.999979794
1341846313.957927 0.100266449 0.012307385 0.011001953 -0.003006697 -0.003250278 0.007093345 0.999965072
1341846313.990058 0.088227406 0.011903420 0.009079734 -0.004203747 0.005271188 0.007545494 0.999948800
1341846314.022042 0.086884029 0.017778454 0.002782233 -0.005829880 0.007669070 0.008579036 0.999916792
1341846314.057816 0.106290340 0.016085060 0.014611389 -0.009443319 0.008538092 0.010585235 0.999862969
1341846314.089801 0.118184127 0.010392123 0.018771572 -0.009365330 0.012958180 0.011007867 0.999811590
1341846314.122037 0.116563737 0.020167273 0.008993836 -0.009595290 0.017605759 0.013228530 0.999711454
1341846314.157989 0.128809169 0.014908042 0.017846867 -0.012362774 0.019932639 0.014136254 0.999625027
1341846314.190094 0.132007495 0.015146037 0.012830597 -0.012276357 0.024172630 0.015274575 0.999515712
1341846314.225969 0.134750545 0.025136819 0.008989032 -0.013544502 0.026433980 0.017998140 0.999396801
1341846314.257923 0.139568970 0.017758580 0.019270340 -0.016163776 0.028354151 0.018110286 0.999303162
1341846314.290052 0.143536434 0.018772263 0.020931890 -0.014675069 0.029255217 0.017835427 0.999305189
1341846314.325981 0.151975900 0.023352148 0.012633893 -0.015066327 0.029932475 0.015981195 0.999310613
1341846314.357905 0.161795408 0.018126434 0.022342607 -0.016505025 0.032363173 0.014992529 0.999227464
1341846314.389899 0.160905138 0.012040273 0.012379080 -0.015772600 0.035949260 0.013955931 0.999131739
1341846314.427905 0.171551153 0.020345733 0.009886052 -0.014948121 0.037150536 0.012877869 0.999114931
1341846314.493987 0.181685701 0.018198002 0.019930655 -0.013665230 0.046537593 0.004753704 0.998811781
1341846314.526085 0.181013554 0.024149578 0.006993776 -0.012846754 0.049717121 0.002598201 0.998677373
1341846314.558292 0.191125020 0.022553496 0.012913710 -0.014265952 0.052071434 0.003696539 0.998534620
1341846314.594085 0.199313015 0.017222883 0.017377891 -0.013421352 0.056280121 0.003286293 0.998319447
1341846314.626096 0.198477209 0.025966253 0.005820558 -0.012075768 0.060852371 0.004675146 0.998062849
1341846314.658455 0.204052404 0.026851576 0.009009231 -0.014049719 0.062769674 0.003345376 0.997923553
1341846314.694004 0.218063444 0.015874689 0.023083806 -0.014903775 0.065526403 0.002237788 0.997737050
1341846314.725910 0.221411243 0.006619944 0.025201427 -0.011985936 0.068436041 0.006233965 0.997564018
1341846314.761942 0.223609880 0.014692217 0.022012036 -0.007049071 0.068995252 0.010034371 0.997541666
1341846314.794030 0.234861091 0.017789297 0.021220807 -0.003545212 0.070597291 0.010500455 0.997443378
1341846314.826092 0.253943056 0.011234615 0.001520384 -0.003138965 0.072742648 0.013696056 0.997251749
1341846314.862145 0.261952013 0.015511498 -0.003308603 -0.002569638 0.076069973 0.015092609 0.996984959
1341846314.894072 0.268504262 0.014103660 0.003854112 -0.003087766 0.079703525 0.016820684 0.996671915
1341846314.925969 0.275070876 0.012639742 0.002548606 -0.003644413 0.081964128 0.021404432 0.996398747
1341846314.961937 0.278368413 0.029057682 0.004719900 -0.004650760 0.082516603 0.026008397 0.996239424
1341846314.994564 0.282746226 0.025918160 0.013508424 -0.008143348 0.083658658 0.023896815 0.996174634
1341846315.029900 0.297572494 0.023186089 0.014475413 -0.008723489 0.086138852 0.021078957 0.996021986
1341846315.061965 0.297503650 0.025541656 0.022813022 -0.008998315 0.088834509 0.024641946 0.995700955
1341846315.094388 0.299081862 0.022838024 0.027380304 -0.009042348 0.088150337 0.024715161 0.995759487
1341846315.129851 0.310826361 0.019689677 0.013866161 -0.007813026 0.087369889 0.025045445 0.995830417
1341846315.161941 0.315173894 0.038929295 -0.001305097 -0.008481707 0.086993843 0.028270494 0.995771587
1341846315.197984 0.306519985 0.035857644 0.000800064 -0.014942826 0.086858846 0.023411769 0.995833397
1341846315.230076 0.317356557 0.032072902 0.005416406 -0.018889740 0.084825255 0.019984486 0.996016383
1341846315.262069 0.315846920 0.032495461 0.009724144 -0.021959281 0.082745418 0.022230020 0.996080756
1341846315.298000 0.324201435 0.025831839 0.020327721 -0.024455290 0.078436822 0.023945084 0.996331394
1341846315.329931 0.334653229 0.012018364 0.029201046 -0.022480033 0.076377347 0.024857348 0.996515572
1341846315.361981 0.341425031 0.016825549 0.020752331 -0.016794279 0.075249135 0.028499670 0.996615946
1341846315.397962 0.352550745 0.019221760 0.020373205 -0.013712840 0.074477620 0.032825191 0.996587992
1341846315.429923 0.360423326 0.022295695 0.015742667 -0.010530003 0.075808592 0.034521714 0.996469021
1341846315.466047 0.377252400 0.027006574 0.011459699 -0.009584856 0.077752061 0.038420811 0.996186018
1341846315.497883 0.376214921 0.027758306 0.016303053 -0.010548813 0.081226043 0.042854082 0.995718122
1341846315.530008 0.374224484 0.027296314 0.021648692 -0.010762615 0.083251774 0.043038905 0.995540559
1341846315.566108 0.376831234 0.030936167 0.021489553 -0.011120442 0.084598228 0.044199422 0.995372236
1341846315.597986 0.376937002 0.027161693 0.023014307 -0.011700863 0.086150512 0.043330278 0.995270729
1341846315.630109 0.379134953 0.027978703 0.021425104 -0.011443128 0.087136082 0.042141203 0.995238960
1341846315.666042 0.382453144 0.035025779 0.008420235 -0.011678091 0.088482067 0.041997604 0.995123506
1341846315.698114 0.396415323 0.042245839 0.000482505 -0.015518742 0.090065077 0.041284252 0.994958878
1341846315.733985 0.384480625 0.024661813 0.018586688 -0.020144973 0.094370201 0.041917652 0.994450271
1341846315.766041 0.371649504 0.029441271 0.018628722 -0.019350473 0.093301289 0.041679583 0.994576931
1341846315.798188 0.373440981 0.029334439 0.012284099 -0.020056624 0.092570126 0.039764740 0.994709671
1341846315.834140 0.370163769 0.022525270 0.020446202 -0.019809349 0.095206730 0.038606569 0.994511366
1341846315.866751 0.364869684 0.022615673 0.020385345 -0.017394908 0.097196974 0.038077883 0.994384348
1341846315.898492 0.360006481 0.023153728 0.021118822 -0.015997782 0.098131403 0.037551869 0.994336069
1341846315.936901 0.358203173 0.016577266 0.024275649 -0.013976824 0.099696152 0.036622167 0.994245529
1341846315.966572 0.347165555 0.017228812 0.022245917 -0.010337076 0.102061436 0.035441540 0.994092882
1341846316.034204 0.337170869 0.015462804 0.019589920 -0.006781531 0.102074623 0.034010008 0.994172096
1341846316.066113 0.329998314 0.013572249 0.021898413 -0.004589526 0.102354437 0.034464523 0.994140208
1341846316.101867 0.322157174 0.013776287 0.016579706 -0.003508843 0.101147808 0.034661449 0.994261205
1341846316.134066 0.307224482 0.013836944 0.008519549 -0.004304572 0.099540249 0.030797640 0.994547486
1341846316.202049 0.295548469 0.005919673 0.014717451 -0.004666924 0.094925016 0.027682079 0.995088577
1341846316.233979 0.294607341 0.008199601 0.007001994 -0.003925218 0.093128182 0.026248327 0.995300353
1341846316.270052 0.289646387 0.008815669 0.008007593 -0.005117032 0.094203055 0.023405006 0.995264709
1341846316.301915 0.282048047 0.000116711 0.014485567 -0.005649463 0.095683418 0.021421721 0.995165288
1341846316.334208 0.271353155 -0.001070922 0.015864778 -0.004163968 0.095465891 0.022720713 0.995164692
1341846316.370006 0.266209275 -0.003532941 0.014397267 -0.002371049 0.094185263 0.023503264 0.995274425
1341846316.401994 0.258662581 -0.000548885 0.011563541 -0.000165429 0.093757033 0.025495209 0.995268643
1341846316.438069 0.258482039 -0.004878767 0.017386911 0.001608302 0.092330068 0.027219294 0.995355070
1341846316.470076 0.247767255 -0.004835637 0.019270606 0.006443965 0.092640296 0.029440984 0.995243490
1341846316.502034 0.234318823 0.008191925 0.003391790 0.009545982 0.090636618 0.031068254 0.995353520
1341846316.537975 0.230159745 0.009552678 0.003667242 0.007087300 0.087544233 0.029308068 0.995704234
1341846316.570121 0.224574029 0.000130206 0.011321763 0.006127199 0.087441757 0.026240973 0.995805144
1341846316.601885 0.215114817 -0.003475897 0.012210310 0.007801886 0.087282628 0.024748556 0.995845616
1341846316.638009 0.206066087 -0.006651090 0.011605790 0.009841969 0.086242311 0.026255941 0.995879591
1341846316.669925 0.199613795 -0.008292044 0.013026259 0.012244971 0.085640542 0.026083576 0.995909333
1341846316.705941 0.192106053 -0.014195744 0.010883394 0.015848780 0.085922889 0.026651468 0.995819211
1341846316.738062 0.180948153 -0.005113140 0.000332678 0.019016920 0.085654847 0.030018806 0.995691001
1341846316.770433 0.171807170 -0.002095652 0.001338030 0.018305993 0.085279815 0.030160755 0.995732248
1341846316.805932 0.164757863 -0.011520894 0.008822167 0.018087575 0.085605003 0.029029429 0.995741904
1341846316.838029 0.150945112 -0.007961394 0.005081959 0.019778088 0.084710002 0.030466015 0.995743394
1341846316.870034 0.142322227 -0.011779477 0.009057254 0.019910512 0.081413306 0.031964984 0.995968699
1341846316.906344 0.134877503 -0.010757446 0.005965321 0.021167262 0.078460164 0.030607352 0.996222496
1341846316.937940 0.130468562 -0.007593679 0.004539826 0.021352785 0.077038765 0.028210565 0.996400237
1341846316.973994 0.119924225 -0.008480841 0.006021168 0.020377111 0.075651154 0.028061163 0.996531129
1341846317.005913 0.111312650 -0.010187515 0.010730623 0.019212570 0.073273987 0.028756073 0.996712089
1341846317.037936 0.103555515 -0.014820931 0.014470399 0.019280693 0.071144022 0.027921366 0.996888816
1341846317.073972 0.100015067 -0.015871074 0.014446807 0.020386195 0.069049209 0.028843982 0.996987879
1341846317.106113 0.088827275 -0.021355242 0.023175441 0.022290360 0.067987442 0.032965511 0.996892273
1341846317.137887 0.084559277 -0.019541949 0.020606985 0.025579905 0.061039414 0.035523497 0.997175038
1341846317.173970 0.072899617 -0.013355816 0.017925367 0.027317088 0.055116806 0.036840908 0.997426093
1341846317.205887 0.075898722 -0.016767222 0.013834084 0.027105283 0.050269600 0.039862931 0.997571647
1341846317.248131 0.058921233 -0.020386774 0.016669841 0.028108565 0.048930936 0.040820710 0.997571707
1341846317.306289 0.054557081 -0.020639611 0.011066430 0.029569255 0.041924413 0.046006557 0.997622907
1341846317.348137 0.053447697 -0.023768231 0.011000302 0.030585658 0.042605214 0.047347106 0.997500658
1341846317.410120 0.034784824 -0.012978953 0.021528820 0.033190899 0.042734019 0.051664639 0.997197568
1341846317.442569 0.030461302 -0.026305348 0.023443902 0.034762416 0.043172628 0.054512762 0.996973515
1341846317.474010 0.018101880 -0.025422087 0.028209299 0.040356681 0.044144578 0.057078503 0.996576548
1341846317.509927 0.009263258 -0.014275375 0.024903016 0.044303276 0.041971933 0.061617766 0.996232390
1341846317.542282 0.003138022 -0.012091270 0.022124870 0.043572675 0.039337024 0.062016178 0.996347368
1341846317.573943 0.002033000 -0.018486872 0.024326023 0.042969886 0.039996240 0.060438558 0.996444285
1341846317.610159 -0.009405908 -0.024335586 0.029123746 0.045067437 0.042509563 0.061197821 0.996201158
1341846317.643553 -0.027499154 -0.018734893 0.025744120 0.048022605 0.042799070 0.064329445 0.995853305
1341846317.677993 -0.032822058 -0.022227857 0.026032601 0.048358753 0.039279059 0.065482669 0.995906949
1341846317.709996 -0.038542744 -0.024568532 0.019314794 0.050784115 0.036566626 0.065259233 0.995904207
1341846317.741834 -0.047949459 -0.013780850 0.023228101 0.051725585 0.035888225 0.064621881 0.995922029
1341846317.777923 -0.057473671 -0.016060017 0.027513418 0.049790740 0.035097770 0.063767552 0.996103764
1341846317.810021 -0.063034773 -0.017704019 0.029591532 0.049355023 0.033020798 0.062755525 0.996260762
1341846317.841886 -0.071214586 -0.010317082 0.029057825 0.049341880 0.032155156 0.061192486 0.996386945
1341846317.878017 -0.079037122 -0.009669930 0.034585979 0.047075991 0.032200318 0.057137430 0.996735811
1341846317.909910 -0.078970879 -0.016297851 0.035235584 0.045827635 0.032689691 0.054229472 0.996940553
1341846317.946031 -0.094023064 -0.018429078 0.041409962 0.047049873 0.034520537 0.055311594 0.996762455
1341846317.978041 -0.101416640 -0.020828806 0.044913776 0.049039107 0.033255130 0.055598106 0.996693611
1341846318.009897 -0.106108755 -0.020695290 0.033118062 0.051260959 0.033251077 0.053731974 0.996684372
1341846318.045949 -0.116412729 -0.012576474 0.035494924 0.051944830 0.034282628 0.051719971 0.996720374
1341846318.078074 -0.133587316 -0.016729951 0.034404270 0.050745979 0.033614848 0.049565326 0.996914387
1341846318.109894 -0.144310027 -0.016376998 0.034545895 0.050458923 0.029928682 0.047211401 0.997160614
1341846318.145957 -0.141049787 -0.015187127 0.038230769 0.049979355 0.026902122 0.045484390 0.997351289
1341846318.178001 -0.150249302 -0.018237200 0.041746199 0.049132228 0.027605310 0.042544287 0.997503936
1341846318.214074 -0.167203113 -0.022431802 0.050131325 0.049787324 0.026539626 0.041663777 0.997537494
1341846318.245970 -0.177814484 -0.029955275 0.051857054 0.052109059 0.021526108 0.042769372 0.997492909
1341846318.278018 -0.187135667 -0.032521788 0.032311756 0.055395290 0.016555807 0.042484000 0.997422874
1341846318.313937 -0.212062478 -0.032869644 0.025545254 0.057298236 0.011842633 0.042361695 0.997387707
1341846318.345989 -0.220867693 -0.037215818 0.029783914 0.058419846 0.003570387 0.041280944 0.997431874
1341846318.382046 -0.219685361 -0.031605165 0.027822360 0.060983725 -0.004766766 0.039513212 0.997344971
1341846318.414072 -0.234820500 -0.034378864 0.024539465 0.062362604 -0.010648664 0.040146034 0.997188985
1341846318.446035 -0.236566141 -0.035846051 0.026282554 0.064356275 -0.017117219 0.040329259 0.996964872
1341846318.482196 -0.235289782 -0.027478551 0.035097204 0.066458844 -0.020002574 0.040050156 0.996784389
1341846318.514144 -0.242109761 -0.031363457 0.035044383 0.066161327 -0.021385619 0.041096143 0.996732891
1341846318.546259 -0.245490059 -0.038355492 0.034118325 0.067049801 -0.022928955 0.041257977 0.996632576
1341846318.582042 -0.255926073 -0.027675830 0.035468329 0.069579318 -0.022443136 0.040440369 0.996503711
1341846318.614115 -0.269969791 -0.029074799 0.033723511 0.069048464 -0.022323275 0.040255710 0.996550798
1341846318.650038 -0.277135015 -0.029984668 0.032994449 0.068624601 -0.022915894 0.037186850 0.996685863
1341846318.682350 -0.287835330 -0.028962275 0.033112224 0.068349570 -0.023136439 0.035419282 0.996764064
1341846318.714063 -0.297738582 -0.029870890 0.033692420 0.067898951 -0.023872303 0.034851212 0.996797562
1341846318.749905 -0.299600810 -0.034234207 0.033911128 0.068382807 -0.024645099 0.035841051 0.996710539
1341846318.782036 -0.319992661 -0.031000223 0.032475904 0.070462093 -0.023974681 0.037402105 0.996524692
1341846318.814121 -0.335378498 -0.031674258 0.029761951 0.070373841 -0.028569426 0.035508756 0.996479034
1341846318.850072 -0.345151424 -0.037468176 0.029287146 0.070413359 -0.034336641 0.033378121 0.996367872
1341846318.883516 -0.349524647 -0.050440092 -0.004685608 0.072169505 -0.043355320 0.033388816 0.995890081
1341846318.918047 -0.376672685 -0.045250528 -0.019259168 0.075524308 -0.052738514 0.032342743 0.995222926
1341846318.950044 -0.350014418 -0.042133953 0.021731522 0.077936895 -0.064659439 0.029691782 0.994416118
1341846318.982028 -0.354399025 -0.034279782 0.011281066 0.080438457 -0.069326483 0.025884496 0.994008839
1341846319.018123 -0.408011198 -0.038509745 0.011397309 0.079617955 -0.071240380 0.025031926 0.993961334
1341846319.050745 -0.409968555 -0.054919906 0.010236356 0.079718336 -0.078147955 0.024980007 0.993435442
1341846319.081905 -0.401787311 -0.047060613 0.020002298 0.085766770 -0.078947656 0.022570826 0.992925942
1341846319.117976 -0.422559947 -0.037405275 0.009933330 0.088681206 -0.077713586 0.027754162 0.992635906
1341846319.150093 -0.417771548 -0.042100426 0.008941531 0.090323746 -0.083131991 0.035153784 0.991813958
1341846319.186069 -0.407286465 -0.029424287 0.015226881 0.092632860 -0.085697345 0.036002766 0.991352081
1341846319.218149 -0.401168823 -0.010539031 0.020166321 0.090391010 -0.081312023 0.034104109 0.991995335
1341846319.250034 -0.414240867 -0.014061697 0.023086067 0.084400155 -0.075081579 0.033746425 0.993025959
1341846319.286594 -0.435065746 -0.024958715 0.017811574 0.081706062 -0.070848525 0.036547102 0.993463099
1341846319.318034 -0.438922048 -0.027352439 0.017562211 0.082162797 -0.070431210 0.040643040 0.993296027
1341846319.350268 -0.453781992 -0.030142913 0.016312202 0.082770482 -0.069302060 0.046867024 0.993050754
1341846319.386163 -0.475727528 -0.030713398 0.022074416 0.084952377 -0.072453305 0.052849300 0.992340982
1341846319.418386 -0.470435590 -0.030489426 0.002139650 0.085622877 -0.078798458 0.054753229 0.991696358
1341846319.453961 -0.471489400 -0.028556593 -0.001988869 0.086104356 -0.080970205 0.051344387 0.991662145
1341846319.486271 -0.486980736 -0.028598759 -0.012647237 0.085066378 -0.080512695 0.050056167 0.991854727
1341846319.554083 -0.503401697 -0.027528848 0.018794131 0.080438606 -0.086985096 0.048742272 0.991759837
1341846319.586296 -0.516604245 -0.030224923 0.004606445 0.080516830 -0.085890330 0.045036566 0.992024004
1341846319.622031 -0.532167137 -0.029185744 -0.010521990 0.078917466 -0.088644445 0.042509332 0.992021739
1341846319.653962 -0.538790762 -0.037483845 0.002711341 0.077807114 -0.093964726 0.041652415 0.991656125
1341846319.686352 -0.542953849 -0.039004900 0.007019893 0.079605065 -0.098270305 0.042871516 0.991043925
1341846319.721992 -0.552248776 -0.028213006 0.007247229 0.081181437 -0.102104776 0.043459740 0.990502715
1341846319.754063 -0.553641558 -0.016619734 0.000094185 0.078609958 -0.104609631 0.043025199 0.990467668
1341846319.786397 -0.560839832 -0.020437788 0.013256543 0.073978610 -0.104403995 0.046446551 0.990691543
1341846319.822008 -0.565534949 -0.021939483 0.009137900 0.070510894 -0.105499685 0.051632404 0.990571678
1341846319.853917 -0.568069279 -0.020152360 0.006587623 0.065694332 -0.106638193 0.055391163 0.990577877
1341846319.889942 -0.573500812 -0.033848029 0.002247605 0.061664231 -0.107029848 0.060269434 0.990509868
1341846319.922039 -0.584153116 -0.041416597 -0.005803692 0.060781687 -0.110643402 0.062157609 0.990050614
1341846319.953946 -0.579268038 -0.042582374 0.016605444 0.061381657 -0.117803343 0.058313258 0.989421189
1341846319.990054 -0.579340458 -0.039663624 0.017826116 0.064341903 -0.120845251 0.051250786 0.989257336
1341846320.028122 -0.585789621 -0.042199329 0.013305362 0.066226631 -0.124189951 0.049964122 0.988784373
1341846320.090047 -0.564154565 -0.031162782 0.022145448 0.071996935 -0.132914782 0.050580960 0.987214148
1341846320.122011 -0.555183113 -0.028447984 0.023916636 0.072818086 -0.131033301 0.051550113 0.987355232
1341846320.157952 -0.552127779 -0.029362211 0.026927782 0.073431611 -0.128070861 0.051880240 0.987681210
1341846320.190003 -0.537454426 -0.038651332 0.027918573 0.075350039 -0.125271365 0.051002417 0.987941444
1341846320.221941 -0.533415020 -0.038295269 0.028527062 0.079486288 -0.121713370 0.051564250 0.988032877
1341846320.258015 -0.525019169 -0.042623013 0.028939232 0.083303742 -0.120822817 0.054163747 0.987688541
1341846320.289887 -0.511981308 -0.052313402 0.038258508 0.088311218 -0.122291386 0.055165131 0.987017155
1341846320.321954 -0.498706818 -0.052177396 0.040997066 0.096661367 -0.123849012 0.054773640 0.986061871
1341846320.357890 -0.483125389 -0.037086114 0.034033157 0.102935739 -0.123712458 0.055797331 0.985386312
1341846320.390064 -0.462997347 -0.036413386 0.042002097 0.104544178 -0.120780677 0.056259103 0.985554397
1341846320.426544 -0.430738449 -0.040370673 0.033673361 0.107015058 -0.113655657 0.052388087 0.986349702
1341846320.458122 -0.426765263 -0.040078130 0.030928301 0.108102098 -0.105530418 0.048803426 0.987317383
1341846320.490186 -0.404450983 -0.045649230 0.056874681 0.111370072 -0.099602193 0.048479393 0.987585902
1341846320.525911 -0.401160210 -0.039111115 0.056828335 0.115416728 -0.091909997 0.046742078 0.987950742
1341846320.558091 -0.388036072 -0.041414194 0.014580023 0.116019636 -0.087667078 0.043072011 0.988432527
1341846320.594093 -0.378524095 -0.042909481 0.061979026 0.117629111 -0.083357498 0.039911497 0.988747716
1341846320.631955 -0.376765490 -0.038492076 0.047989115 0.119999878 -0.075564876 0.039364863 0.989110947
1341846320.664916 -0.365444720 -0.034462679 0.043427546 0.120259494 -0.073409371 0.037590191 0.989310741
1341846320.699927 -0.345339954 -0.038646251 0.060102463 0.120278299 -0.070735618 0.036170926 0.989556134
1341846320.731822 -0.336391717 -0.035680480 0.059066895 0.122476175 -0.064274885 0.034997240 0.989769459
1341846320.763877 -0.342798740 -0.003772280 0.026798762 0.121817686 -0.060767453 0.035493799 0.990054548
1341846320.799999 -0.315944105 -0.018254686 0.039223701 0.114616163 -0.063489579 0.030889539 0.990897596
1341846320.831871 -0.286949992 -0.023240784 0.039767921 0.116447508 -0.052914239 0.026574165 0.991430283
1341846320.863887 -0.317040622 0.004480512 0.047219962 0.116086423 -0.043123398 0.028023923 0.991906822
1341846320.900014 -0.312610179 -0.016954876 0.038253494 0.108526990 -0.047814909 0.032041360 0.992425859
1341846320.931889 -0.267956465 -0.044064321 0.022684945 0.106850237 -0.049212568 0.031422406 0.992559254
1341846320.967866 -0.273821384 -0.018001303 0.021000596 0.107531324 -0.043333929 0.028288594 0.992853999
1341846321.000017 -0.275284976 -0.021566950 0.029519187 0.101681001 -0.042702943 0.026506243 0.993546665
1341846321.031860 -0.259797722 -0.036084902 0.034064595 0.098893441 -0.042558100 0.025072347 0.993871391
1341846321.068047 -0.252496570 -0.028241577 0.030305153 0.099769987 -0.038903721 0.022471897 0.993995726
1341846321.099840 -0.248537302 -0.031163633 0.018073730 0.096919499 -0.037470836 0.023030441 0.994320035
1341846321.131821 -0.216569856 -0.037544355 0.029017420 0.097037405 -0.036857434 0.024022436 0.994307935
1341846321.167887 -0.209741518 -0.032997917 0.029852353 0.100047596 -0.032766908 0.024595313 0.994138837
1341846321.200042 -0.205433905 -0.028582813 0.027175013 0.100583106 -0.030267766 0.024375224 0.994169414
1341846321.231950 -0.195526674 -0.035614718 0.028527018 0.099545620 -0.029404419 0.023097400 0.994330287
1341846321.267939 -0.179368779 -0.029670000 0.022654139 0.100364082 -0.027746877 0.018264566 0.994396091
1341846321.299948 -0.173316419 -0.034212552 0.022618402 0.098684669 -0.022999695 0.012262611 0.994777381
1341846321.331858 -0.173146889 -0.036597457 0.027405661 0.098861173 -0.019696534 0.008060919 0.994873643
1341846321.367913 -0.152827069 -0.041318689 0.025262140 0.100108258 -0.017830761 0.004267803 0.994807661
1341846321.399897 -0.146504417 -0.036992412 0.028458748 0.102183506 -0.012696877 0.003014886 0.994679987
1341846321.435994 -0.142394572 -0.041306250 0.031633247 0.103451885 -0.009178278 0.002702376 0.994588494
1341846321.467946 -0.133728132 -0.037842590 0.034276150 0.105589345 -0.006576608 0.003295255 0.994382620
1341846321.499882 -0.120811589 -0.037411522 0.033138592 0.107002951 -0.003901566 0.003662509 0.994244397
1341846321.536109 -0.092108250 -0.034573071 0.016580904 0.106479414 0.000016085 0.001838937 0.994313240
1341846321.568960 -0.099366732 -0.027831534 0.029190321 0.103695348 0.007198634 -0.000587170 0.994582891
1341846321.603938 -0.092794321 -0.033716757 0.032021850 0.100076422 0.009554326 -0.000626475 0.994933665
1341846321.637163 -0.065379731 -0.029947663 0.015666336 0.097527005 0.013486572 -0.000781032 0.995141208
1341846321.668306 -0.068857804 -0.025387917 0.031334706 0.093691334 0.022236420 0.001865426 0.995351195
1341846321.704411 -0.082716830 -0.031082675 0.037593547 0.090078488 0.024501616 0.009754827 0.995585501
1341846321.736861 -0.080799676 -0.026743179 0.050194405 0.089189552 0.023430202 0.016936962 0.995595038
1341846321.771881 -0.065907612 -0.014445726 0.046196785 0.087111443 0.022820545 0.022171134 0.995690346
1341846321.804114 -0.056634985 -0.017797492 0.052266717 0.082773529 0.024888314 0.024904169 0.995946229
1341846321.836152 -0.056017410 -0.009586337 0.056634903 0.080335431 0.027333878 0.025439149 0.996068239
1341846321.871882 -0.051097307 -0.001604976 0.056078374 0.075523660 0.028361591 0.023048118 0.996474147
1341846321.904074 -0.044923328 -0.004584887 0.059940558 0.069019184 0.029561745 0.020116577 0.996974289
1341846321.939847 -0.041525658 -0.010110988 0.064098582 0.064735293 0.032705974 0.016915174 0.997223020
1341846322.004094 -0.048403900 -0.015966883 0.068174392 0.057589389 0.031210551 0.016295189 0.997719347
1341846322.066178 -0.029053144 -0.022150762 0.067103550 0.052731279 0.035129394 0.013581557 0.997898281
1341846322.107979 -0.033908211 -0.037898794 0.069465876 0.049768098 0.037564524 0.012224488 0.997979283
1341846322.166164 -0.036913201 -0.059642002 0.068641469 0.052789282 0.037642799 0.011914583 0.997824907
1341846322.202932 -0.032034189 -0.061152816 0.062334493 0.054111160 0.035017736 0.012220066 0.997845888
1341846322.234093 -0.031859800 -0.065568700 0.060420983 0.053007077 0.033484630 0.010284663 0.997979641
1341846322.265941 -0.032624170 -0.076589704 0.059273891 0.050186437 0.030609943 0.011012965 0.998209953
1341846322.301996 -0.024542611 -0.089793853 0.061023004 0.048295248 0.028475575 0.012027658 0.998354673
1341846322.333949 -0.035478391 -0.101571880 0.060204528 0.047410261 0.027276995 0.011823661 0.998432994
1341846322.369871 -0.025511151 -0.117368922 0.062551372 0.047925550 0.021447254 0.009087451 0.998579323
1341846322.402292 -0.011519872 -0.127893016 0.063491859 0.050012097 0.022329491 0.001981035 0.998497009
1341846322.433955 -0.025680216 -0.155522063 0.067984737 0.053956106 0.024514457 -0.001450007 0.998241365
1341846322.470030 -0.028568862 -0.163975954 0.068751708 0.061963134 0.020501973 0.001518410 0.997866690
1341846322.502433 -0.013417188 -0.175805673 0.074893765 0.068387181 0.016503895 0.004730570 0.997511148
1341846322.534002 -0.005366869 -0.191448808 0.081193626 0.076500803 0.015730219 0.007381306 0.996918142
1341846322.570196 -0.007583397 -0.202853262 0.076081343 0.085434854 0.015574994 0.009409562 0.996177614
1341846322.601920 -0.016890133 -0.209648967 0.058861155 0.091693878 0.013275687 0.011684251 0.995630205
1341846322.638119 -0.000651242 -0.226904929 0.064744003 0.096780010 0.009093711 0.011453465 0.995198429
1341846322.669947 0.008355045 -0.230096340 0.070856944 0.101767942 0.011724640 0.010682717 0.994681716
1341846322.702026 -0.006559804 -0.239851862 0.065552384 0.104803629 0.014605650 0.011739700 0.994316459
1341846322.738006 -0.002120197 -0.239359915 0.063074507 0.106365137 0.011705179 0.013672573 0.994164288
1341846322.770087 0.008864698 -0.261826247 0.073298328 0.105624437 0.011709362 0.013873241 0.994240403
1341846322.806047 -0.001937740 -0.270441800 0.071752541 0.109399654 0.012297093 0.015346134 0.993803322
1341846322.838063 -0.005385418 -0.272530854 0.069485813 0.111760229 0.008043030 0.017014243 0.993557036
1341846322.870081 0.000655841 -0.290367633 0.074926622 0.113417245 0.002697323 0.018062439 0.993379593
1341846322.906018 0.014439153 -0.292471021 0.079383560 0.118386075 0.000422524 0.018599527 0.992793381
1341846322.938349 0.010065334 -0.278351158 0.077990457 0.119571917 0.001801934 0.019806594 0.992626369
1341846322.970069 0.010674085 -0.284398884 0.083446555 0.114708178 0.001557905 0.021199927 0.993171811
1341846323.011820 0.015251145 -0.299710810 0.086010896 0.111998394 0.001673483 0.021324063 0.993478179
1341846323.073951 0.014756584 -0.300141126 0.083675295 0.109302454 0.001388344 0.026016029 0.993667126
1341846323.105962 0.014686608 -0.317295015 0.084253423 0.106307767 0.001673789 0.025121465 0.994014502
1341846323.138158 0.014517947 -0.318838924 0.083630010 0.107000120 0.001727100 0.021671843 0.994021297
1341846323.174092 0.012145749 -0.320291758 0.082921907 0.104839347 0.001276518 0.020587081 0.994275272
1341846323.206059 0.023469234 -0.330084771 0.080715232 0.101668634 0.000140160 0.018446760 0.994647324
1341846323.238053 0.027196862 -0.328602821 0.090915427 0.099350818 0.003017108 0.017102931 0.994900942
1341846323.273997 0.010079041 -0.331226200 0.083002642 0.095335305 0.004327651 0.017410129 0.995283604
1341846323.305946 0.016178129 -0.339362293 0.089964941 0.090183519 -0.000145169 0.018426137 0.995754778
1341846323.342027 0.037707098 -0.356811345 0.095874771 0.087569013 0.000703161 0.017262347 0.996008635
1341846323.374048 0.017848063 -0.363805294 0.095097177 0.088087887 0.005141544 0.018604195 0.995925665
1341846323.405987 0.004592379 -0.374185413 0.089399286 0.088034019 0.001635353 0.023439186 0.995840371
1341846323.441956 0.023651680 -0.386316448 0.097849235 0.088991970 -0.003429719 0.025220642 0.995707154
1341846323.473878 0.028556818 -0.396428317 0.100439616 0.092838012 -0.002287263 0.024090583 0.995387137
1341846323.506129 0.019958172 -0.391173363 0.089388594 0.095778324 -0.002034776 0.021505043 0.995168328
1341846323.541972 0.029761234 -0.392937630 0.086456105 0.094361916 -0.002528113 0.019493876 0.995343864
1341846323.573913 0.045739587 -0.411240786 0.084991142 0.092965558 0.000977969 0.014348561 0.995565534
1341846323.609927 0.036103778 -0.410115927 0.088856354 0.093862817 0.007271130 0.011017150 0.995497704
1341846323.642014 0.021333689 -0.419858247 0.086989410 0.092577189 0.009711163 0.011309463 0.995593965
1341846323.674081 0.021281673 -0.431739420 0.081556059 0.092353866 0.007943641 0.013767253 0.995599389
1341846323.710069 0.024353672 -0.450877786 0.082544386 0.093405321 0.006414441 0.017960932 0.995445549
1341846323.742111 0.023139222 -0.458639979 0.081571512 0.098006718 0.004691208 0.018800376 0.994997144
1341846323.774928 0.024928456 -0.458361119 0.076240316 0.101461112 0.002388653 0.016048169 0.994707167
1341846323.810012 0.027822440 -0.465059221 0.076010406 0.102695212 0.000980233 0.012638732 0.994632185
1341846323.842207 0.028626280 -0.468023658 0.075945795 0.104121402 0.001107412 0.007582020 0.994535148
1341846323.878019 0.021479728 -0.478506297 0.073763162 0.104727119 0.000791659 0.003567415 0.994494319
1341846323.909826 0.026498230 -0.491904378 0.075627059 0.107646830 -0.001315065 -0.000442468 0.994188249
1341846323.942459 0.023410017 -0.488570511 0.064164191 0.111738302 -0.001065521 -0.001032222 0.993736565
1341846323.978055 0.014760418 -0.491844356 0.069385409 0.114388190 -0.003437506 0.000157410 0.993430197
1341846324.015934 0.028665230 -0.498464853 0.067973271 0.117493063 -0.006391088 0.000971281 0.993052721
1341846324.047722 0.032524522 -0.488264352 0.064798445 0.121207267 -0.004993212 0.000118539 0.992614746
1341846324.083904 0.027477248 -0.475191921 0.057174016 0.121688545 -0.003235255 -0.000740029 0.992562771
1341846324.115968 0.028414883 -0.472402304 0.065436043 0.119655140 -0.001517957 -0.002728314 0.992810607
1341846324.151967 0.033379465 -0.465573847 0.065200411 0.119386360 0.001151646 -0.007288414 0.992820501
1341846324.183941 0.029764095 -0.449302167 0.064439088 0.117114879 0.005233460 -0.010334845 0.993050814
1341846324.219984 0.024069268 -0.451692164 0.073160261 0.112503685 0.007265809 -0.009996895 0.993574440
1341846324.251968 0.021701884 -0.453913063 0.075198852 0.111756578 0.007493758 -0.010412822 0.993652880
1341846324.284052 0.015512376 -0.440803647 0.074632302 0.112556122 0.007102275 -0.011291292 0.993555844
1341846324.319880 0.009918030 -0.427122444 0.072210856 0.111526415 0.004012886 -0.011753263 0.993683875
1341846324.351917 0.017709171 -0.412747741 0.071943641 0.108265229 0.000063663 -0.012761647 0.994040191
1341846324.388001 0.027492899 -0.405495763 0.071078576 0.104002140 -0.000485272 -0.016047766 0.994447529
1341846324.419908 0.024169879 -0.390246272 0.072737969 0.099595375 0.001841797 -0.018795000 0.994848788
1341846324.452027 0.016694315 -0.389173418 0.078773469 0.094703726 0.002706473 -0.019447898 0.995311856
1341846324.487928 0.014051042 -0.384122968 0.082443073 0.093144096 0.002416518 -0.017294325 0.995499551
1341846324.519985 0.002865103 -0.372472942 0.081775635 0.091952026 0.000910991 -0.013120296 0.995676577
1341846324.556001 0.003196511 -0.357771784 0.081008695 0.090417609 -0.004144952 -0.009069514 0.995854020
1341846324.587888 0.006991130 -0.343993515 0.081589684 0.087183796 -0.007480199 -0.006481173 0.996143043
1341846324.620086 0.006010727 -0.338484526 0.085714765 0.084880553 -0.009927877 -0.008520531 0.996305227
1341846324.655955 0.011428448 -0.325705975 0.085331947 0.083794750 -0.011380756 -0.010028925 0.996367574
1341846324.688082 0.007800648 -0.322259963 0.091495886 0.082977168 -0.011057968 -0.009146164 0.996448159
1341846324.755922 -0.004441796 -0.289562106 0.089719132 0.084639661 -0.013587119 -0.005754991 0.996302426
1341846324.814016 0.011424712 -0.241349533 0.090742365 0.080650665 -0.020587064 -0.008050720 0.996497333
1341846324.849979 0.004475465 -0.235433012 0.093008973 0.074924283 -0.017204391 -0.010033158 0.996990383
1341846324.881924 -0.006856369 -0.232819378 0.102997184 0.071900025 -0.017883638 -0.010203048 0.997199297
1341846324.913902 -0.001455468 -0.222792387 0.104182318 0.070906237 -0.019705489 -0.007042566 0.997263432
1341846324.949999 -0.004659459 -0.226136073 0.108428493 0.070976987 -0.019617857 -0.004372728 0.997275412
1341846324.981922 -0.016024377 -0.223979533 0.099692024 0.075132914 -0.021510759 -0.001250537 0.996940732
1341846325.018013 -0.017966397 -0.209645003 0.099832319 0.079658456 -0.026531206 0.001121671 0.996468484
1341846325.050079 -0.022617657 -0.191616654 0.102031060 0.081703335 -0.031089434 -0.000081510 0.996171713
1341846325.081901 -0.019671176 -0.174603164 0.097800300 0.081217520 -0.036365651 -0.002456378 0.996029735
1341846325.118531 -0.006881532 -0.159083501 0.096661814 0.077272944 -0.038789310 -0.004592346 0.996244550
1341846325.149933 -0.009855147 -0.158574700 0.107006796 0.071542874 -0.036473438 -0.006132456 0.996751606
1341846325.181925 -0.015812764 -0.152128100 0.108968772 0.068434939 -0.034883004 -0.004179107 0.997036874
1341846325.218055 -0.016693555 -0.145317867 0.111422926 0.065619797 -0.034738038 0.000032172 0.997239888
1341846325.249811 -0.020018110 -0.137539506 0.112499088 0.063618943 -0.034594137 0.003530848 0.997368336
1341846325.285925 -0.017577073 -0.129630148 0.116177477 0.060929615 -0.035279773 0.006594188 0.997496605
1341846325.317988 0.003745106 -0.131263390 0.120296411 0.057913411 -0.034689154 0.010659544 0.997661829
1341846325.349844 0.001226297 -0.138205022 0.126889959 0.060160529 -0.030109072 0.013334399 0.997645438
1341846325.387302 0.001740153 -0.124143898 0.125597551 0.065312609 -0.027413860 0.015942423 0.997360826
1341846325.417931 0.007603257 -0.116630986 0.143529385 0.068567060 -0.022532931 0.018102966 0.997227788
1341846325.450747 0.007971533 -0.120900944 0.151897386 0.072816871 -0.014596259 0.020468375 0.997028470
1341846325.485954 -0.002226121 -0.108641885 0.148993909 0.080709532 -0.007770417 0.022815388 0.996446252
1341846325.517875 -0.003158284 -0.095065236 0.144356012 0.084969632 -0.004890104 0.025259452 0.996051311
1341846325.553859 0.000619071 -0.089508779 0.145607546 0.087823957 -0.001623184 0.025014561 0.995820582
1341846325.585855 -0.012943339 -0.067923501 0.131560206 0.091328889 0.003352955 0.021996118 0.995572209
1341846325.617990 -0.014252568 -0.050543483 0.128429607 0.088398457 0.005055323 0.020584464 0.995859623
1341846325.653982 -0.015695622 -0.065246768 0.136662468 0.084854148 0.006874410 0.017853921 0.996209741
1341846325.685819 -0.017578928 -0.065788850 0.139171168 0.089820512 0.008372477 0.018746164 0.995746374
1341846325.717857 -0.022135824 -0.049285032 0.138692439 0.094819546 0.009556243 0.025333174 0.995126247
1341846325.754083 -0.024853000 -0.049892578 0.141758159 0.097550184 0.009623689 0.030043582 0.994730532
1341846325.786087 -0.019770097 -0.044502251 0.140268654 0.103685036 0.009713112 0.031482782 0.994064331
1341846325.821856 -0.021308819 -0.021886997 0.145024776 0.108788177 0.011777528 0.032924369 0.993449748
1341846325.853827 -0.029569013 -0.015560620 0.143135071 0.109378681 0.012769274 0.036204398 0.993258536
1341846325.885958 -0.039780103 -0.001578875 0.139416307 0.110204101 0.010537316 0.041734207 0.992976487
1341846325.921984 -0.033932466 0.000581796 0.146502256 0.108975999 0.006317145 0.046312802 0.992944837
1341846325.953899 -0.021941843 0.003653203 0.151143059 0.111727655 0.005888272 0.048050791 0.992559016
1341846325.985823 -0.026029387 0.016502418 0.154440552 0.114792593 0.008917096 0.052090090 0.991982758
1341846326.021991 -0.032754060 0.017970990 0.155874401 0.117362708 0.009557964 0.057943489 0.991351247
1341846326.054055 -0.029567081 0.027964488 0.155555561 0.122355275 0.008620402 0.061293121 0.990554452
1341846326.089984 -0.024553895 0.047990996 0.154921398 0.125487536 0.010283479 0.060246721 0.990210891
1341846326.121822 -0.025338603 0.058835179 0.157326862 0.125134528 0.014361216 0.058123406 0.990331709
1341846326.154079 -0.032133304 0.060107477 0.161967576 0.125514716 0.017253144 0.056753423 0.990316868
1341846326.190178 -0.036844809 0.073639713 0.161715820 0.128293410 0.017069997 0.058627311 0.989854634
1341846326.222162 -0.036509808 0.092591502 0.166166171 0.127895981 0.015115587 0.065229528 0.989524782
1341846326.259181 -0.036648732 0.104811050 0.168764412 0.124865659 0.012406034 0.068992548 0.989694238
1341846326.322766 -0.030496622 0.127853394 0.172230884 0.117519610 0.011551821 0.068118580 0.990664244
1341846326.359773 -0.029955130 0.134676993 0.177087486 0.113735877 0.013009449 0.066085942 0.991225362
1341846326.392109 -0.027047714 0.128164127 0.188000277 0.111876011 0.014679305 0.066952191 0.991355479
1341846326.423985 -0.032656360 0.132943958 0.192932874 0.115970470 0.015848899 0.071357824 0.990559340
1341846326.459869 -0.037554547 0.149020836 0.185396060 0.118742846 0.013901570 0.074712016 0.990012705
1341846326.526163 -0.024231510 0.186170757 0.196416095 0.119490713 0.014532101 0.075141609 0.989881098
1341846326.560211 -0.021777317 0.195817977 0.200282723 0.114003211 0.017809417 0.077061288 0.990327060
1341846326.591828 -0.026636854 0.198485881 0.205927968 0.111003928 0.020216666 0.077672899 0.990573764
1341846326.627027 -0.024670381 0.209321976 0.202519596 0.110805996 0.021803310 0.076531135 0.990651131
1341846326.658442 -0.022535250 0.225837544 0.199122742 0.108932927 0.025427189 0.074993692 0.990890086
1341846326.694856 -0.028746668 0.240001276 0.206844628 0.105675869 0.029347895 0.074552804 0.991167665
1341846326.726206 -0.029621530 0.255421579 0.206559286 0.100221664 0.030421894 0.072625868 0.991844594
1341846326.762753 -0.024216462 0.266972780 0.212170437 0.094419569 0.032900546 0.069355637 0.992568612
1341846326.826821 -0.030898267 0.304519176 0.222004846 0.080078423 0.038627371 0.066013694 0.993849874
1341846326.858887 -0.028422307 0.302901775 0.214325652 0.071378447 0.039455559 0.064706214 0.994566023
1341846326.895360 -0.031279795 0.299680114 0.216454908 0.068779185 0.038802061 0.067213535 0.994608521
1341846326.926897 -0.033911638 0.310200959 0.220120743 0.071428120 0.035272814 0.069256268 0.994413078
1341846326.958888 -0.026075931 0.324236840 0.221768707 0.074228957 0.032408427 0.072502807 0.994074047
1341846326.994594 -0.024709919 0.338493019 0.221342713 0.075287700 0.032819089 0.074808598 0.993810058
1341846327.026301 -0.023573268 0.353161871 0.219957352 0.073466107 0.034091212 0.073797882 0.993979096
1341846327.063945 -0.019766074 0.357029796 0.222589508 0.070337385 0.035372015 0.072287068 0.994271636
1341846327.094662 -0.032266814 0.354489923 0.237195373 0.068129383 0.040046323 0.067336328 0.994595647
1341846327.128901 -0.034280110 0.368692547 0.240518972 0.067942895 0.040125702 0.065791033 0.994708657
1341846327.161940 -0.033506922 0.380791277 0.239165112 0.066865407 0.038903635 0.065254182 0.994865596
1341846327.193867 -0.025809515 0.387113988 0.242670015 0.065700881 0.039641343 0.063874982 0.995003521
1341846327.229885 -0.024660185 0.403656542 0.242643327 0.067124553 0.042756546 0.062510692 0.994866133
1341846327.262014 -0.020334968 0.415991127 0.236112475 0.066484176 0.047097310 0.058408558 0.994962394
1341846327.294023 -0.007383600 0.422050506 0.240395799 0.069400571 0.056469962 0.053679235 0.994541764
1341846327.330015 -0.021554846 0.433169425 0.227739140 0.070832424 0.070254207 0.050054822 0.993751287
1341846327.361939 -0.016945764 0.444058925 0.239155412 0.067950368 0.073847532 0.044697002 0.993947446
1341846327.393887 -0.019036176 0.455014259 0.243003666 0.066740587 0.076312013 0.038364600 0.994107842
1341846327.429966 -0.031885777 0.488534927 0.255687892 0.067466706 0.077423736 0.039055385 0.993945956
1341846327.461965 -0.032045022 0.498645216 0.270908296 0.059766270 0.073428027 0.039164748 0.994737446
1341846327.497931 -0.022794072 0.500560939 0.270284057 0.054080803 0.070437774 0.036088664 0.995395124
1341846327.530068 -0.030502992 0.512535393 0.277848512 0.052978244 0.072429545 0.037692886 0.995252073
1341846327.561895 -0.035935253 0.525118887 0.280498147 0.051308878 0.070058018 0.043536831 0.995270729
1341846327.598010 -0.038002573 0.528694808 0.289819211 0.052370392 0.066992335 0.047428560 0.995248675
1341846327.629945 -0.043949213 0.547031224 0.296899706 0.053824324 0.063246116 0.047353733 0.995419800
1341846327.662003 -0.039191607 0.548843086 0.302369624 0.052671656 0.059544753 0.042665865 0.995921552
1341846327.697919 -0.042918440 0.565604985 0.287047416 0.055535629 0.058478348 0.044404417 0.995753169
1341846327.730075 -0.045007460 0.589890659 0.289024740 0.052439254 0.057433952 0.045913756 0.995913386
1341846327.766017 -0.043432780 0.594846785 0.293161064 0.047264371 0.056705676 0.046344705 0.996194124
1341846327.797917 -0.042786770 0.617606223 0.294681251 0.043904070 0.056007143 0.049246993 0.996248186
1341846327.830054 -0.039667044 0.620499372 0.301431715 0.036437243 0.055164289 0.049017437 0.996607542
1341846327.865944 -0.035305247 0.625015914 0.301351756 0.032385379 0.056059074 0.048716068 0.996712327
1341846327.898010 -0.041074973 0.636939406 0.306867212 0.029875061 0.057717610 0.049450081 0.996659935
1341846327.929991 -0.041533820 0.644108534 0.306556851 0.025205925 0.056223083 0.047461245 0.996970952
1341846327.966065 -0.039633136 0.656438529 0.303755730 0.021048108 0.056198318 0.045437045 0.997163117
1341846327.998073 -0.038646284 0.665582538 0.305451840 0.014733342 0.057000507 0.042798419 0.997347653
1341846328.034045 -0.041282807 0.670572042 0.303628117 0.008432103 0.058014154 0.040716998 0.997449458
1341846328.065993 -0.040628962 0.674845338 0.306708127 0.003180681 0.058391489 0.041407976 0.997429609
1341846328.098045 -0.042457614 0.659648180 0.310972333 0.000776748 0.059240136 0.041627321 0.997375190
1341846328.133967 -0.044183400 0.662446916 0.308757931 0.004536495 0.058095962 0.045239765 0.997275174
1341846328.166023 -0.046671785 0.656319976 0.305524647 0.003568921 0.055294756 0.046090316 0.997399330
1341846328.198018 -0.045903433 0.637106538 0.296901107 0.002171249 0.052620500 0.044441547 0.997622848
1341846328.234044 -0.043112621 0.626699567 0.295178264 0.005080642 0.050515741 0.043567952 0.997759640
1341846328.265899 -0.042985313 0.615492880 0.291407496 0.007058816 0.048717264 0.044104557 0.997813463
1341846328.302051 -0.042325411 0.595701158 0.291833103 0.009349079 0.048631024 0.044529080 0.997779906
1341846328.333917 -0.043087840 0.580944955 0.285932183 0.013012186 0.048649315 0.047222856 0.997614145
1341846328.366008 -0.045721233 0.557191074 0.284798026 0.015937481 0.049313519 0.042875804 0.997735381
1341846328.402010 -0.044054527 0.534707069 0.285659671 0.026570141 0.051112439 0.043793321 0.997378409
1341846328.433920 -0.040638831 0.524687052 0.272078693 0.031756401 0.048602659 0.044758189 0.997309446
1341846328.470003 -0.036649290 0.499081999 0.264207095 0.030961074 0.047130711 0.040069025 0.997604430
1341846328.502194 -0.032277182 0.486061543 0.278074980 0.033832815 0.048146270 0.035100367 0.997649908
1341846328.534033 -0.027169798 0.465114117 0.267354757 0.034209237 0.050864410 0.031330135 0.997627676
1341846328.570125 -0.032394074 0.444121361 0.273644358 0.036228467 0.051898267 0.032762975 0.997457147
1341846328.602804 -0.042308360 0.397000194 0.253491670 0.038086798 0.048511062 0.033981521 0.997517645
1341846328.672663 -0.028789848 0.356188506 0.250438422 0.046984889 0.034010541 0.031205179 0.997828662
1341846328.702975 -0.022777598 0.337881476 0.252078146 0.049502544 0.030377902 0.029666239 0.997871101
1341846328.770129 -0.014909786 0.311084479 0.236850023 0.058042664 0.026954440 0.027375700 0.997574627
1341846328.802331 -0.006865448 0.295677155 0.242130309 0.059236683 0.022454189 0.027734082 0.997605979
1341846328.838051 -0.014327803 0.277692527 0.236030832 0.063354164 0.022513919 0.023258541 0.997466028
1341846328.869939 -0.010299196 0.281128228 0.226460233 0.064034000 0.020679811 0.023217637 0.997463286
1341846328.904486 -0.011599934 0.258999527 0.227492899 0.058914874 0.017918410 0.022863638 0.997840285
1341846328.939814 -0.005000329 0.225943640 0.227150366 0.060142700 0.014818398 0.022362087 0.997829318
1341846328.970217 -0.000356850 0.228156611 0.218874902 0.065192312 0.012190615 0.026684606 0.997441411
1341846329.006232 0.002776645 0.215236440 0.218195602 0.065837808 0.009683990 0.031119609 0.997298002
1341846329.038243 0.008425407 0.196146846 0.220636934 0.068952367 0.008578867 0.030677224 0.997111261
1341846329.106125 0.008902125 0.194932461 0.209298909 0.072781697 0.008468837 0.029592924 0.996872842
1341846329.138340 0.010674207 0.176869288 0.204701692 0.073603295 0.007593147 0.027531182 0.996878624
1341846329.169991 0.014324305 0.178772897 0.202123404 0.076251984 0.006038634 0.027146062 0.996700704
1341846329.208656 0.011440813 0.168803900 0.200933337 0.076509900 0.005807218 0.025307229 0.996730745
1341846329.238169 0.012589388 0.167123765 0.194639891 0.076190196 0.004861511 0.025276100 0.996761024
1341846329.273827 0.012136354 0.152033687 0.196206942 0.073950656 0.004032528 0.026084615 0.996912539
1341846329.306052 0.010837133 0.149883047 0.188437581 0.074677728 0.001778397 0.024889437 0.996895492
1341846329.338104 0.016498158 0.152134895 0.185422063 0.071752086 -0.000305263 0.022608260 0.997166216
1341846329.373907 0.015550263 0.128421322 0.186093524 0.067360021 -0.000925624 0.021543298 0.997495711
1341846329.405985 0.017005766 0.117864564 0.180281565 0.068531260 -0.002457000 0.018906038 0.997466862
1341846329.442057 0.018527251 0.116772123 0.175865352 0.068229340 -0.002998018 0.015121444 0.997550547
1341846329.473950 0.015863243 0.100654170 0.174985066 0.066642478 -0.003876789 0.009472040 0.997724414
1341846329.506147 0.015237276 0.096481971 0.169015378 0.067018300 -0.005780304 0.006491099 0.997713864
1341846329.542121 0.012269455 0.086734861 0.170584217 0.065500103 -0.008678943 0.006396422 0.997794330
1341846329.574086 0.018849563 0.064433254 0.168608531 0.066788986 -0.011362032 0.004890835 0.997690439
1341846329.606387 0.017925525 0.066331543 0.165026307 0.069843315 -0.011706554 0.003592183 0.997482896
1341846329.641955 0.012388687 0.063001812 0.163746625 0.069845252 -0.012528456 0.003765736 0.997472107
1341846329.681570 0.010818861 0.049942344 0.164378345 0.068706267 -0.015318341 0.003990565 0.997511387
1341846329.748113 0.020679362 0.045485228 0.161840394 0.070989147 -0.016217859 0.002176940 0.997342885
1341846329.810175 0.017167818 0.019144651 0.162868410 0.068485208 -0.012536624 0.006599756 0.997551501
1341846329.842255 0.016111603 0.010992587 0.159838766 0.069947444 -0.012326659 0.009672662 0.997427642
1341846329.874044 0.014164715 0.006159911 0.158592045 0.071890913 -0.012201608 0.012796779 0.997255802
1341846329.910073 0.014970911 0.011813848 0.154193640 0.072815642 -0.012797016 0.014900729 0.997152030
1341846329.942009 0.012524287 0.005436434 0.153434277 0.067629322 -0.013188590 0.020720832 0.997408152
1341846329.978087 0.014288094 -0.018838607 0.156776488 0.064900555 -0.013736087 0.022336815 0.997547209
1341846330.016305 0.019873252 -0.010362507 0.149597973 0.067365780 -0.013030146 0.020268768 0.997437418
1341846330.048192 0.014886262 -0.007750771 0.145204991 0.063217804 -0.011374746 0.021910287 0.997694373
1341846330.080418 0.016805692 -0.028979715 0.149285510 0.058387693 -0.011711388 0.024118762 0.997933865
1341846330.115886 0.018080838 -0.044826806 0.147187248 0.060602468 -0.010233182 0.024795095 0.997801542
1341846330.147839 0.010292103 -0.027459867 0.141138360 0.064042054 -0.009490106 0.026626043 0.997546792
1341846330.181257 0.012704809 -0.016936703 0.138571411 0.059475139 -0.010419243 0.029712610 0.997733176
1341846330.215852 0.011284551 -0.030138953 0.142307878 0.053286385 -0.009099958 0.028471000 0.998131871
1341846330.247833 0.005685403 -0.036447879 0.141025275 0.051282752 -0.008184839 0.027272368 0.998278201
1341846330.283913 0.007820806 -0.023542525 0.138770297 0.048216533 -0.009243679 0.028858522 0.998377204
1341846330.316011 0.001770338 -0.039575096 0.140997186 0.041062985 -0.009693151 0.026899900 0.998747408
1341846330.347868 0.001735458 -0.046413507 0.140828595 0.038968675 -0.011553096 0.026250901 0.998828828
1341846330.383835 0.006662599 -0.048210979 0.141427219 0.037203364 -0.012365979 0.026961181 0.998867452
1341846330.415934 0.004173020 -0.063927419 0.145576492 0.036120351 -0.011268438 0.024899639 0.998973727
1341846330.452561 -0.001728977 -0.063210472 0.139820397 0.039342679 -0.011352107 0.023135349 0.998893440
1341846330.483903 -0.004786161 -0.058792260 0.135372624 0.039652776 -0.013069833 0.025672467 0.998798192
1341846330.515970 -0.005020563 -0.067364089 0.137371644 0.037904505 -0.015328619 0.029001562 0.998742819
1341846330.552099 -0.002890837 -0.069981344 0.135445267 0.039320339 -0.016802639 0.031257894 0.998596311
1341846330.583876 -0.005412500 -0.061349574 0.129438013 0.039173204 -0.016898571 0.031607170 0.998589456
1341846330.619992 -0.013815863 -0.053598244 0.124346994 0.034917787 -0.017420681 0.030333737 0.998777866
1341846330.652136 -0.010104340 -0.061469208 0.126840577 0.027841456 -0.019412979 0.029715013 0.998982012
1341846330.683796 -0.013338655 -0.065570854 0.123367667 0.023181491 -0.018946977 0.028612420 0.999142170
1341846330.719991 -0.021232594 -0.078748412 0.121025026 0.020273292 -0.020663081 0.029815115 0.999136209
1341846330.752103 -0.023709923 -0.083232574 0.116391137 0.021956082 -0.024779001 0.033980154 0.998874068
1341846330.787952 -0.029942062 -0.076856241 0.106810756 0.023320211 -0.028931376 0.037179992 0.998617470
1341846330.819823 -0.025989957 -0.076412171 0.108204022 0.023035971 -0.033716615 0.038195476 0.998435616
1341846330.852208 -0.026011769 -0.068242349 0.103132531 0.023082340 -0.035378736 0.038881205 0.998350561
1341846330.914111 -0.028397007 -0.058158092 0.096208118 0.014106123 -0.038698554 0.038920026 0.998393059
1341846330.949903 -0.035543568 -0.069757558 0.095560506 0.010676102 -0.039241768 0.038909424 0.998414874
1341846330.981986 -0.043176778 -0.070433654 0.088185877 0.011478653 -0.043291613 0.039666384 0.998208761
1341846331.014111 -0.037288304 -0.064758524 0.088626690 0.011156004 -0.048068460 0.040550184 0.997958243
1341846331.082139 -0.040571664 -0.069142401 0.081912726 0.012708389 -0.050692044 0.037257113 0.997938275
1341846331.114334 -0.041583747 -0.065410703 0.078933313 0.012686728 -0.052813787 0.036747903 0.997847378
1341846331.149989 -0.037791554 -0.073823065 0.081703275 0.012575054 -0.054062340 0.035880696 0.997813523
1341846331.181954 -0.041897852 -0.072125852 0.078265645 0.015970187 -0.054218065 0.034923229 0.997790456
1341846331.218151 -0.049776457 -0.057872511 0.070422448 0.016435750 -0.056803361 0.035416972 0.997621655
1341846331.249914 -0.034755170 -0.069898248 0.080907971 0.013450493 -0.059680112 0.035086177 0.997510135
1341846331.318141 -0.029942008 -0.065525264 0.079811186 0.024340535 -0.050199136 0.030930251 0.997963428
1341846331.349926 -0.027015712 -0.064401887 0.084316485 0.023325091 -0.047608867 0.029431034 0.998159945
1341846331.382003 0.015896399 -0.090528466 0.083940588 0.024114041 -0.044222459 0.030026831 0.998279154
1341846331.418008 0.001188475 -0.076203547 0.079259031 0.031865578 -0.033885695 0.028921193 0.998498857
1341846331.450327 -0.006010001 -0.068757333 0.082247503 0.033968080 -0.028530229 0.030109605 0.998561800
1341846331.486219 -0.015824292 -0.063206561 0.084136978 0.034199122 -0.025875969 0.030418009 0.998616874
1341846331.518344 -0.002146793 -0.065858588 0.083320253 0.032798104 -0.025829252 0.029156096 0.998702705
1341846331.550202 0.001883820 -0.073467679 0.090573967 0.034599006 -0.021451065 0.027946116 0.998780131
1341846331.586139 -0.008564313 -0.061501198 0.096604176 0.037609372 -0.019118298 0.028071824 0.998715162
1341846331.617931 -0.001725403 -0.058922466 0.104256384 0.036805350 -0.019597910 0.028662387 0.998719037
1341846331.654027 0.006502612 -0.066484399 0.116402410 0.036850397 -0.017488427 0.029207213 0.998740792
1341846331.686123 0.003457369 -0.059671573 0.106546827 0.039671991 -0.014012554 0.029899668 0.998667002
1341846331.717954 -0.018506883 -0.037944518 0.146124676 0.038188480 -0.013340568 0.029539933 0.998744786
1341846331.754076 -0.001765547 -0.050694529 0.161487296 0.035417810 -0.014102778 0.029206321 0.998846233
1341846331.785920 -0.003932944 -0.049657207 0.170625702 0.038503062 -0.010879449 0.027658131 0.998816431
1341846331.818053 -0.009084856 -0.038999721 0.176647514 0.039500978 -0.008844315 0.027906483 0.998790681
1341846331.853849 -0.005839768 -0.046864316 0.190566704 0.037750568 -0.008695411 0.027524000 0.998870254
1341846331.885987 0.001172311 -0.048681866 0.202140495 0.040456854 -0.006556517 0.025512423 0.998834014
1341846331.922014 -0.002771670 -0.040247247 0.210111201 0.042828903 -0.003051220 0.024263201 0.998783112
1341846331.954037 0.004774719 -0.041568175 0.219879627 0.042455599 -0.000832608 0.024971226 0.998785913
1341846331.986135 0.010372116 -0.053441651 0.235349432 0.044107083 0.004487192 0.025980545 0.998678863
1341846332.022364 -0.002818581 -0.059865572 0.249850363 0.050290655 0.010455154 0.025764933 0.998347521
1341846332.054175 -0.004535413 -0.054312065 0.261534870 0.056580562 0.010241472 0.028596641 0.997935951
1341846332.086502 -0.001136365 -0.049321558 0.273262560 0.059677377 0.010089980 0.030344080 0.997705460
1341846332.122051 -0.003842097 -0.044241618 0.287065625 0.061721578 0.011374637 0.028910173 0.997609794
1341846332.153983 -0.008842835 -0.032127839 0.292344213 0.060469564 0.011324886 0.025606649 0.997777343
1341846332.190165 -0.010181470 -0.032522034 0.308990091 0.054273218 0.009758101 0.023819230 0.998194337
1341846332.254145 -0.009393724 -0.050666623 0.338567704 0.053389125 0.009732413 0.022477649 0.998273373
1341846332.289948 -0.010400191 -0.045823514 0.348528832 0.055540241 0.009465729 0.024410257 0.998113215
1341846332.322172 -0.008906333 -0.044833172 0.357157677 0.056483772 0.008880629 0.025809551 0.998030365
1341846332.354003 -0.002637173 -0.048290785 0.373205006 0.058598924 0.010481874 0.023789199 0.997943103
1341846332.390180 -0.003352762 -0.035085887 0.380732536 0.060935464 0.014968866 0.020517565 0.997818589
1341846332.422055 -0.008939036 -0.032959823 0.390036881 0.059060432 0.017982015 0.016730733 0.997952223
1341846332.458114 -0.002814879 -0.038586646 0.397453427 0.058041625 0.019665545 0.013271398 0.998032272
1341846332.489993 -0.011901623 -0.034588654 0.405645281 0.059044234 0.022098022 0.014801496 0.997901022
1341846332.522130 -0.021941194 -0.032907549 0.410221934 0.058258884 0.019260434 0.019665761 0.997921944
1341846332.558114 -0.016686006 -0.035180651 0.421345800 0.058221471 0.013491036 0.026627723 0.997857332
1341846332.589874 -0.006561237 -0.023849985 0.427828759 0.058800150 0.009973618 0.031341769 0.997727871
1341846332.621889 -0.004217979 -0.016956644 0.433048546 0.054980274 0.009795487 0.032746915 0.997902274
1341846332.658202 -0.002041469 -0.019852081 0.456675082 0.051061954 0.010260339 0.032096658 0.998126864
1341846332.690001 -0.001369627 -0.019477822 0.464714706 0.048780181 0.011232535 0.033989564 0.998167872
1341846332.726000 -0.005620355 -0.021873914 0.482292622 0.047829811 0.010609811 0.037277054 0.998103321
1341846332.758386 -0.000311702 -0.020190755 0.489617050 0.048635539 0.007774698 0.038574707 0.998041153
1341846332.789937 0.010715706 -0.010857001 0.498525560 0.048457406 0.007979843 0.037034210 0.998106599
1341846332.825925 0.013521338 -0.013295728 0.509362757 0.045902546 0.010145072 0.036150813 0.998240054
1341846332.857898 0.013205435 -0.014927896 0.515845299 0.046577070 0.011526871 0.035472468 0.998218119
1341846332.894069 0.013202073 -0.001853966 0.522909880 0.047254648 0.011643459 0.035292801 0.998191297
1341846332.926029 0.019696884 0.002080813 0.529082477 0.043888420 0.011606308 0.033457898 0.998408616
1341846332.958015 0.024144670 0.005731466 0.541911066 0.041434713 0.013521902 0.031050287 0.998567104
1341846332.994073 0.025637439 0.009726083 0.551423609 0.038840454 0.014876335 0.029569028 0.998697102
1341846333.026545 0.031898793 0.008588638 0.559556246 0.036143038 0.015457159 0.027831189 0.998839498
1341846333.057998 0.038212840 0.009110154 0.567044616 0.034973916 0.017322171 0.027716553 0.998853683
1341846333.094024 0.039056703 0.009100708 0.577182949 0.035280749 0.019030655 0.031415902 0.998702288
1341846333.126095 0.044790000 0.013850549 0.582300484 0.036215216 0.020336488 0.033773798 0.998566151
1341846333.161973 0.049342807 0.020955181 0.587288797 0.035472799 0.022801284 0.035132460 0.998492658
1341846333.195660 0.048933905 0.019623853 0.596685350 0.032584000 0.025111500 0.036868546 0.998473108
1341846333.226331 0.051815029 0.021371871 0.601216316 0.031632006 0.025611879 0.036598660 0.998500943
1341846333.262056 0.051996548 0.029568799 0.600574851 0.028548047 0.026039263 0.034054343 0.998672724
1341846333.294147 0.053293262 0.025896585 0.607619822 0.024817742 0.025920132 0.032925230 0.998813391
1341846333.326100 0.055640589 0.030354688 0.610594332 0.023702562 0.024464197 0.030782934 0.998945475
1341846333.362100 0.059908751 0.037942696 0.612920523 0.021079285 0.023356549 0.029248593 0.999076962
1341846333.394119 0.058862202 0.031421322 0.619154453 0.017425166 0.022616824 0.029326858 0.999162078
1341846333.429974 0.061365541 0.033060279 0.618939579 0.016755687 0.020496150 0.029369723 0.999218047
1341846333.462115 0.065782093 0.029253205 0.620533168 0.015937718 0.020308880 0.028224979 0.999268174
1341846333.494040 0.062343936 0.029371416 0.616964102 0.016747979 0.021411585 0.026533954 0.999278307
1341846333.529953 0.070024788 0.030548852 0.623092115 0.017702591 0.022146689 0.027153587 0.999229133
1341846333.562063 0.065640770 0.032600738 0.625789404 0.018865375 0.025059769 0.028488394 0.999101877
1341846333.594090 0.061273474 0.037401944 0.626922786 0.017957186 0.024604209 0.028920081 0.999117553
1341846333.629994 0.060859557 0.038617164 0.626504540 0.014454053 0.022175234 0.028225834 0.999251068
1341846333.662127 0.064208902 0.038846970 0.623132050 0.011429315 0.020803433 0.027783502 0.999332130
1341846333.697964 0.063812025 0.032344796 0.623965144 0.009100104 0.020988576 0.028504264 0.999331892
1341846333.730092 0.063540436 0.030322390 0.621147752 0.011390345 0.021166466 0.029500557 0.999275744
1341846333.762089 0.063607879 0.032096639 0.616738915 0.013250558 0.021873299 0.030778818 0.999199033
1341846333.798006 0.060971856 0.028953830 0.613108933 0.014301812 0.022695338 0.030697202 0.999168694
1341846333.830055 0.062862746 0.029031467 0.607421517 0.016852079 0.023545112 0.028911907 0.999162555
1341846333.866045 0.056134094 0.030121608 0.603249073 0.018251548 0.025572237 0.027302586 0.999133408
1341846333.897987 0.054929011 0.028030517 0.600677609 0.020005908 0.025481243 0.026214965 0.999131322
1341846333.930099 0.054477029 0.026746280 0.595159411 0.023036376 0.026281301 0.025107907 0.999073684
1341846333.965889 0.051422939 0.027765067 0.588935912 0.025453059 0.027455786 0.024875278 0.998989344
1341846333.997985 0.051812422 0.021836497 0.583112121 0.027552953 0.028245073 0.024644222 0.998917282
1341846334.030076 0.047589265 0.024339156 0.575547636 0.030951234 0.029831633 0.025587374 0.998748004
1341846334.066000 0.046135191 0.019240791 0.570479393 0.031568605 0.029128365 0.027488144 0.998698831
1341846334.097932 0.048152775 0.020188900 0.564448535 0.033795800 0.028598994 0.027142860 0.998650670
1341846334.133884 0.040491514 0.019741574 0.559248328 0.035196953 0.030431163 0.027371040 0.998541892
1341846334.166115 0.035846446 0.018312350 0.546946883 0.035264902 0.029482689 0.028230820 0.998544037
1341846334.198072 0.031818509 0.017732142 0.540113032 0.035885684 0.028685141 0.026555704 0.998591125
1341846334.234097 0.034673177 0.019014116 0.533802569 0.036321785 0.028705982 0.025398815 0.998604894
1341846334.266045 0.027708292 0.015100408 0.529628456 0.036046881 0.030643076 0.025773827 0.998547673
1341846334.297946 0.018675013 0.015022634 0.522437155 0.037464619 0.029865744 0.026997758 0.998486698
1341846334.334036 0.021323748 0.017703541 0.512026966 0.037959926 0.027807152 0.027769849 0.998506248
1341846334.365871 0.021180291 0.019928349 0.503741264 0.037609313 0.027751265 0.026096581 0.998566151
1341846334.401845 0.017615071 0.018378520 0.497801661 0.036129870 0.028732665 0.025028219 0.998620450
1341846334.433864 0.008921275 0.013486777 0.491205603 0.035935596 0.028368447 0.025486341 0.998626232
1341846334.466105 0.007937235 0.016463388 0.483022034 0.036832139 0.026708091 0.026277835 0.998618841
1341846334.502142 0.002453853 0.020186983 0.475597173 0.036081672 0.025716906 0.027394651 0.998642266
1341846334.540153 0.001950355 0.018070290 0.468392879 0.035423990 0.024334587 0.026178489 0.998733103
1341846334.602351 -0.008630137 0.025532626 0.446364880 0.031138314 0.021095904 0.019178353 0.999108434
1341846334.670161 -0.013478608 0.020260278 0.436115205 0.025924237 0.018573875 0.012490039 0.999413311
1341846334.702085 -0.022457046 0.014043292 0.430405557 0.024290895 0.016866496 0.012308067 0.999486864
1341846334.734751 -0.022623908 0.013288110 0.419870794 0.024416182 0.014063586 0.013782577 0.999507964
1341846334.770889 -0.025022058 0.013141886 0.408880144 0.024420226 0.012469742 0.016540129 0.999487221
1341846334.802194 -0.029368076 0.015115344 0.398473024 0.024219831 0.010058927 0.017331852 0.999505818
1341846334.833908 -0.027209213 0.016542979 0.388669491 0.023813669 0.008089443 0.015916025 0.999557018
1341846334.869874 -0.030789781 0.017894145 0.378654271 0.022332180 0.007895744 0.015676742 0.999596536
1341846334.902006 -0.037875336 0.015456779 0.369219422 0.020575700 0.006662725 0.016161982 0.999635518
1341846334.938010 -0.039604191 0.014643527 0.360718995 0.020115362 0.003380483 0.015664490 0.999669254
1341846334.970032 -0.035306904 0.014327220 0.355913788 0.019992514 0.001881481 0.015326938 0.999680877
1341846335.002203 -0.041439150 0.007963724 0.347469211 0.020915972 0.002593803 0.016721336 0.999638081
1341846335.037880 -0.048697494 0.011534831 0.332054108 0.023871856 0.000031524 0.018896123 0.999536455
1341846335.069990 -0.044408284 0.015223264 0.324643761 0.024356803 -0.003427104 0.019001553 0.999516845
1341846335.106038 -0.040243499 0.010771206 0.316346496 0.024130438 -0.002846018 0.017523374 0.999551177
1341846335.138045 -0.048790775 0.008754608 0.303929001 0.025670448 -0.001011350 0.016672000 0.999530971
1341846335.169900 -0.054771990 0.012956580 0.286578596 0.026226893 -0.003158093 0.016365655 0.999517083
1341846335.206091 -0.049907494 0.012363859 0.278761297 0.025266031 -0.005743328 0.014482982 0.999559402
1341846335.239365 -0.048418105 0.007113135 0.272045672 0.024833998 -0.004928539 0.012100201 0.999606192
1341846335.269948 -0.054573223 0.005570418 0.262831300 0.026421279 -0.003177689 0.010744241 0.999588192
1341846335.305972 -0.062767215 0.005492216 0.248713642 0.028634658 -0.004024743 0.011353965 0.999517381
1341846335.338012 -0.058803566 0.004711422 0.240585849 0.030127848 -0.005947981 0.013073415 0.999442875
1341846335.374005 -0.054498471 -0.001343781 0.241757020 0.034100007 -0.004745257 0.013957010 0.999309719
1341846335.406025 -0.058644261 -0.001799218 0.232542723 0.040680062 -0.002069500 0.015994003 0.999042153
1341846335.438079 -0.059443526 0.006673329 0.216181099 0.046488348 -0.001264591 0.019288693 0.998731792
1341846335.473998 -0.057821091 0.010741819 0.205468953 0.048727266 0.000175739 0.020415617 0.998603463
1341846335.507038 -0.059284132 0.016159553 0.195394352 0.050063565 0.002883634 0.018373448 0.998572886
1341846335.538040 -0.061413821 0.019253006 0.175156325 0.049254231 0.005411182 0.016629104 0.998633206
1341846335.574119 -0.067787267 0.021957684 0.164421290 0.046797108 0.005715471 0.016868845 0.998745620
1341846335.605970 -0.069204852 0.015066327 0.164693683 0.045106582 0.004884741 0.015894825 0.998843789
1341846335.641978 -0.066075392 0.016428098 0.154144108 0.046399552 0.005758633 0.013688766 0.998812556
1341846335.673993 -0.072682574 0.019326240 0.142772600 0.046291169 0.006901301 0.013240238 0.998816490
1341846335.706178 -0.075308673 0.018143976 0.133301482 0.045644898 0.005531369 0.014151914 0.998842180
1341846335.741982 -0.071425848 0.016350396 0.124376446 0.045988314 0.004886393 0.013674635 0.998836458
1341846335.773960 -0.075129643 0.021733284 0.110777020 0.046420190 0.005673355 0.012866302 0.998823047
1341846335.806271 -0.077034302 0.026242821 0.099311359 0.044615123 0.005050857 0.013197765 0.998904347
1341846335.842031 -0.074335963 0.019865228 0.094297312 0.042160798 0.005513874 0.013457616 0.999004960
1341846335.873966 -0.077068619 0.019400209 0.082918838 0.043108948 0.007204830 0.012558331 0.998965502
1341846335.910005 -0.083745733 0.024945952 0.065948263 0.043090072 0.007694674 0.013926860 0.998944521
1341846335.941936 -0.086700603 0.025288444 0.056536976 0.042119540 0.005780343 0.014835161 0.998985708
1341846335.974198 -0.085455813 0.025042042 0.048084565 0.041871723 0.004721673 0.013025031 0.999026954
1341846336.010032 -0.088832781 0.025985645 0.035582732 0.041682985 0.004868649 0.011618149 0.999051452
1341846336.042129 -0.094759226 0.027113844 0.024280036 0.040882830 0.003826619 0.011960300 0.999085069
1341846336.078076 -0.096329749 0.024093470 0.016002340 0.040744197 0.001959740 0.011154685 0.999105453
1341846336.110739 -0.094743200 0.024935514 0.004715734 0.041232057 0.001598743 0.009748863 0.999100745
1341846336.142002 -0.102787778 0.024118399 -0.003661648 0.040827028 0.001717818 0.011045854 0.999103725
1341846336.183953 -0.107031755 0.027547680 -0.017917914 0.040673114 -0.000637324 0.011731809 0.999103487
1341846336.241891 -0.103618763 0.027353421 -0.025631217 0.038578592 -0.001988619 0.011759851 0.999184430
1341846336.277946 -0.110437259 0.020032706 -0.040463626 0.038381536 -0.001152731 0.013593935 0.999170005
1341846336.309977 -0.115590259 0.019927077 -0.044772156 0.041103162 -0.003564751 0.016410451 0.999013782
1341846336.346143 -0.114557810 0.026305966 -0.054299299 0.043346241 -0.005041328 0.017438479 0.998895288
1341846336.377975 -0.115429685 0.025836553 -0.058097471 0.044077534 -0.004843939 0.016889701 0.998873591
1341846336.410032 -0.117571667 0.028012326 -0.070323840 0.045060139 -0.004138935 0.017006069 0.998830974
1341846336.446041 -0.121491387 0.032652520 -0.082737096 0.044922139 -0.004341890 0.016348450 0.998847365
1341846336.477990 -0.122480236 0.031184642 -0.080407307 0.043944478 -0.004390517 0.015431422 0.998905182
1341846336.510056 -0.124234505 0.029663930 -0.085690767 0.044174932 -0.003830467 0.016658997 0.998877585
1341846336.546024 -0.125277832 0.030635480 -0.089812912 0.045318518 -0.003949288 0.018377412 0.998795807
1341846336.578003 -0.127879560 0.037530877 -0.103077948 0.045391187 -0.004176197 0.020087624 0.998758554
1341846336.614020 -0.123228669 0.039219365 -0.101746365 0.044850435 -0.003968795 0.019288911 0.998799682
1341846336.645982 -0.129641145 0.043714635 -0.114114329 0.043936651 -0.002119999 0.018358065 0.998863459
1341846336.678036 -0.137305856 0.038436294 -0.120390423 0.041774012 -0.003535088 0.018749304 0.998944938
1341846336.714024 -0.136793017 0.032049276 -0.113959417 0.043008462 -0.006194067 0.018771909 0.998879135
1341846336.746016 -0.141814515 0.029051514 -0.123884417 0.046606917 -0.008047061 0.020376155 0.998673081
1341846336.778014 -0.147500128 0.036615048 -0.137735903 0.049714409 -0.011594635 0.023656273 0.998416007
1341846336.820006 -0.144890964 0.041027602 -0.145520076 0.050425556 -0.015676461 0.025801918 0.998271465
1341846336.882056 -0.152658686 0.036984362 -0.155463234 0.052842155 -0.017143134 0.024618318 0.998152196
1341846336.914273 -0.158577606 0.029000521 -0.157517329 0.054736309 -0.021468652 0.026858255 0.997908711
1341846336.945998 -0.157950670 0.028325286 -0.161852524 0.060885243 -0.027466429 0.028095713 0.997371197
1341846336.981980 -0.158648029 0.049673051 -0.171430022 0.065087862 -0.031545684 0.026656274 0.997024477
1341846337.014238 -0.158061370 0.055562709 -0.172158986 0.062379017 -0.034488339 0.024666559 0.997151434
1341846337.046017 -0.155855656 0.049120117 -0.169595242 0.059624694 -0.035976470 0.020773239 0.997356057
1341846337.082104 -0.158693776 0.049841151 -0.174161285 0.059087187 -0.036175452 0.017314106 0.997446895
1341846337.114317 -0.163252071 0.049177248 -0.178018957 0.057199933 -0.038215145 0.016951637 0.997487128
1341846337.150037 -0.158463985 0.048626520 -0.181475833 0.055492800 -0.040347692 0.016043991 0.997514546
1341846337.181873 -0.153958142 0.046871677 -0.181557223 0.054945253 -0.040409848 0.013075613 0.997585714
1341846337.214073 -0.159169808 0.059565540 -0.194457769 0.053572822 -0.038926441 0.010893856 0.997745514
1341846337.250087 -0.168780908 0.044070635 -0.197833717 0.050065268 -0.040005289 0.012169131 0.997870207
1341846337.282028 -0.168052882 0.044697188 -0.201797515 0.051342055 -0.044091653 0.015257931 0.997590721
1341846337.317920 -0.157209694 0.051662594 -0.201534465 0.051385324 -0.046347920 0.016185218 0.997471571
1341846337.350018 -0.159944057 0.057202108 -0.208306462 0.050028939 -0.045602795 0.015892107 0.997579575
1341846337.382159 -0.156368762 0.050613940 -0.206267297 0.046912253 -0.045522884 0.014255716 0.997759342
1341846337.417941 -0.164065540 0.041838158 -0.212577283 0.047313109 -0.044190694 0.013949434 0.997804701
1341846337.450137 -0.165888026 0.051737804 -0.219678611 0.048489600 -0.046001781 0.015075761 0.997649968
1341846337.482096 -0.160890549 0.048242752 -0.218086794 0.046709288 -0.046688132 0.016267151 0.997684300
1341846337.518008 -0.163241014 0.039706547 -0.223944470 0.047116891 -0.046848383 0.016283579 0.997657359
1341846337.549978 -0.165958971 0.053892780 -0.223389059 0.048263777 -0.047553364 0.014548829 0.997595906
1341846337.585971 -0.164374024 0.049138855 -0.222849756 0.045076411 -0.048039790 0.013994574 0.997729719
1341846337.617903 -0.162771940 0.032514684 -0.219391271 0.045429893 -0.048712522 0.014308734 0.997676551
1341846337.650141 -0.163854569 0.048319381 -0.222959593 0.048923314 -0.048860952 0.013429493 0.997516394
1341846337.686352 -0.163108006 0.054398797 -0.221799597 0.047406685 -0.048661839 0.013745917 0.997594953
1341846337.718002 -0.159247890 0.048674371 -0.216334626 0.045184799 -0.048524436 0.014050271 0.997700572
1341846337.749920 -0.155944943 0.053193193 -0.211481974 0.045246728 -0.046814900 0.013554324 0.997786283
1341846337.786157 -0.157689631 0.059683196 -0.208703116 0.042553134 -0.043990448 0.013527080 0.998033583
1341846337.817945 -0.153961614 0.051316682 -0.198672742 0.039689317 -0.042143602 0.015233941 0.998206735
1341846337.854071 -0.150617257 0.058510885 -0.194338053 0.038979754 -0.039068691 0.014775080 0.998366654
1341846337.885951 -0.155986667 0.064196624 -0.190641299 0.036110193 -0.036328860 0.012824251 0.998604953
1341846337.918223 -0.152372226 0.064298175 -0.183403179 0.031805731 -0.035290178 0.010372833 0.998817027
1341846337.954120 -0.152999148 0.060089361 -0.178072885 0.029307067 -0.033729758 0.009709759 0.998954058
1341846337.985994 -0.149681166 0.068730719 -0.169059411 0.027128952 -0.033024292 0.009767296 0.999038577
1341846338.018107 -0.147570699 0.065466918 -0.164702281 0.023290318 -0.031171944 0.010526249 0.999187231
1341846338.054055 -0.142347649 0.070601091 -0.158152774 0.021232711 -0.029964503 0.009863620 0.999276817
1341846338.085986 -0.136563361 0.068508871 -0.151161686 0.017650012 -0.027184458 0.009932500 0.999425292
1341846338.121875 -0.140241444 0.062976785 -0.147887543 0.015414414 -0.024525529 0.011392134 0.999515474
1341846338.154089 -0.142351970 0.063229419 -0.143481597 0.014604448 -0.023739271 0.014333398 0.999508798
1341846338.186029 -0.139893010 0.065516487 -0.135894448 0.013575502 -0.024341479 0.017088497 0.999465466
1341846338.222071 -0.131961286 0.069746375 -0.124228030 0.012567231 -0.023649793 0.016854206 0.999499261
1341846338.254107 -0.132920653 0.065456644 -0.115510933 0.010396117 -0.021603351 0.017117402 0.999566078
1341846338.290130 -0.130625620 0.060949590 -0.101152271 0.010587038 -0.021936225 0.019141492 0.999520063
1341846338.321952 -0.127379715 0.066314876 -0.093967058 0.010907301 -0.021190269 0.021172183 0.999491811
1341846338.354022 -0.127407536 0.063757636 -0.081550792 0.010126578 -0.020518197 0.021470467 0.999507666
1341846338.389969 -0.126160279 0.070283487 -0.075720683 0.010055917 -0.019675424 0.021910323 0.999515772
1341846338.422377 -0.127777174 0.069228753 -0.063648902 0.008109001 -0.019112216 0.021989850 0.999542654
1341846338.454010 -0.126907721 0.071738921 -0.056311462 0.007283294 -0.019475240 0.020679280 0.999569952
1341846338.489894 -0.124177486 0.069547772 -0.041810058 0.005441990 -0.020128632 0.021348555 0.999554694
1341846338.522066 -0.119195998 0.066169776 -0.030465936 0.005929343 -0.020225130 0.021292750 0.999551177
1341846338.558058 -0.119853497 0.075198241 -0.030351184 0.005858911 -0.019964924 0.020193567 0.999579608
1341846338.589842 -0.118108094 0.072337426 -0.013399690 0.003551399 -0.020503704 0.019761100 0.999588192
1341846338.622019 -0.113017023 0.066807874 -0.002506083 0.003783016 -0.019731632 0.021241607 0.999572515
1341846338.657984 -0.117990293 0.074173518 0.000034906 0.004566357 -0.019362057 0.022788096 0.999542356
1341846338.690198 -0.111308545 0.076774314 0.012868936 0.002632489 -0.020623052 0.022573393 0.999529004
1341846338.722454 -0.106374651 0.069602698 0.028381420 0.001461832 -0.019749701 0.022849156 0.999542832
1341846338.757945 -0.111564621 0.076916993 0.029581536 0.002149615 -0.019086516 0.024098497 0.999525130
1341846338.790039 -0.106107131 0.076971173 0.046867516 0.000050795 -0.021674875 0.025024815 0.999451816
1341846338.826048 -0.093811207 0.073367536 0.067598462 0.000120916 -0.021766335 0.023974277 0.999475598
1341846338.858027 -0.102013610 0.080197163 0.061408523 0.000473079 -0.019307844 0.022318516 0.999564409
1341846338.889902 -0.100693457 0.079264231 0.074982010 -0.002383247 -0.020364800 0.022266475 0.999541819
1341846338.925948 -0.094453774 0.079712488 0.089794137 -0.002609957 -0.019965017 0.019985186 0.999597549
1341846338.958108 -0.095015161 0.081282109 0.098585136 -0.002061300 -0.017845146 0.018840518 0.999661148
1341846338.990057 -0.093157247 0.077176347 0.110601820 -0.002187631 -0.017920507 0.020061990 0.999635816
1341846339.025928 -0.084960021 0.074671470 0.128306270 -0.000306468 -0.017615207 0.020663138 0.999631345
1341846339.057939 -0.085551731 0.081035957 0.131711081 0.002789346 -0.014969816 0.020312181 0.999677777
1341846339.093927 -0.091425836 0.089010291 0.133344471 0.002080982 -0.014752585 0.021137998 0.999665618
1341846339.126562 -0.083374135 0.094695278 0.146703660 -0.000620718 -0.016353644 0.019978926 0.999666512
1341846339.157969 -0.075302877 0.093000203 0.161636248 -0.003251523 -0.014305815 0.018150795 0.999727666
1341846339.194113 -0.083506532 0.096622452 0.162819445 -0.004911640 -0.012275182 0.018893695 0.999734163
1341846339.228165 -0.083365060 0.102452181 0.171563238 -0.008012404 -0.014236924 0.020851012 0.999649107
1341846339.257998 -0.067132868 0.097249046 0.193728536 -0.011260478 -0.015072391 0.022556569 0.999568522
1341846339.294132 -0.067562751 0.099475592 0.203511387 -0.011336307 -0.012317124 0.023814829 0.999576271
1341846339.326577 -0.073563829 0.110664718 0.212685779 -0.013676647 -0.012995015 0.025782470 0.999489546
1341846339.362269 -0.062837966 0.106272817 0.228192553 -0.018754590 -0.016484758 0.024889050 0.999378383
1341846339.394725 -0.056664735 0.107281879 0.235161200 -0.019461330 -0.015024821 0.023776313 0.999414921
1341846339.462186 -0.052414015 0.107856020 0.255653024 -0.022930510 -0.015916748 0.023914410 0.999324262
1341846339.496743 -0.042375267 0.103302531 0.265498459 -0.020956947 -0.013033614 0.022202332 0.999448836
1341846339.562052 -0.046144333 0.105210431 0.285565674 -0.019093469 -0.008918068 0.022794809 0.999518037
1341846339.595122 -0.035798986 0.102846161 0.281070292 -0.017583331 -0.009276960 0.023147952 0.999534369
1341846339.632085 -0.030598810 0.104175523 0.290339202 -0.016277041 -0.006002031 0.021449326 0.999619424
1341846339.664568 -0.030352814 0.104008310 0.297924459 -0.016068945 -0.002994505 0.019247850 0.999681175
1341846339.698896 -0.029872313 0.101286210 0.308753729 -0.016437691 -0.001776974 0.018401651 0.999693990
1341846339.731977 -0.024792384 0.100881115 0.317516863 -0.016252138 -0.001848983 0.016998434 0.999721766
1341846339.762241 -0.020208975 0.099389188 0.326282531 -0.016067928 -0.000843212 0.016748549 0.999730289
1341846339.797873 -0.020356068 0.097779058 0.329969794 -0.016134096 -0.000106855 0.017883400 0.999709964
1341846339.830245 -0.016777212 0.097388119 0.337771803 -0.016488809 -0.000814699 0.018374294 0.999694943
1341846339.862015 -0.012690721 0.098805502 0.344066411 -0.016810354 -0.000882379 0.018246220 0.999691844
1341846339.897797 -0.006789103 0.098524079 0.353140086 -0.017735086 -0.000137481 0.017687095 0.999686301
1341846339.929916 -0.009420068 0.093757987 0.357452095 -0.018385077 0.001422674 0.018710535 0.999654949
1341846339.961960 -0.003874227 0.091875449 0.370687574 -0.017259536 0.000144200 0.019918766 0.999652624
1341846339.997845 0.003386413 0.093284681 0.376673102 -0.015653348 0.000717619 0.020034987 0.999676526
1341846340.029925 0.004670436 0.090475962 0.383636624 -0.015030227 0.003311083 0.020924741 0.999662638
1341846340.066044 0.007608916 0.089287996 0.389821887 -0.013125394 0.004407775 0.021971937 0.999662697
1341846340.098009 0.007342332 0.093589336 0.392607808 -0.011740530 0.005211380 0.022572028 0.999662757
1341846340.130102 0.011025142 0.092520222 0.398828626 -0.012598340 0.004780895 0.021894785 0.999669492
1341846340.166041 0.017997805 0.088766441 0.407400310 -0.012091557 0.006504697 0.020166898 0.999702394
1341846340.197867 0.015398627 0.092134103 0.411067247 -0.010559715 0.009475079 0.019573612 0.999707818
1341846340.229904 0.016191984 0.094908327 0.417593330 -0.011609004 0.009368559 0.019582376 0.999696970
1341846340.265859 0.023030421 0.088655718 0.430494726 -0.012784342 0.009829006 0.019227834 0.999685109
1341846340.298061 0.023358140 0.089135177 0.433597356 -0.010674724 0.012326191 0.019631570 0.999674380
1341846340.334063 0.018839804 0.098896936 0.441332340 -0.010696063 0.011966862 0.021396311 0.999642253
1341846340.366064 0.024294574 0.092507213 0.450208575 -0.012828704 0.009654625 0.020787787 0.999655008
1341846340.397995 0.029336844 0.091221347 0.453710794 -0.011144490 0.009817152 0.020349503 0.999682665
1341846340.433895 0.028670007 0.093091123 0.456662267 -0.010422318 0.009827978 0.021221567 0.999672174
1341846340.465959 0.027908580 0.092047989 0.460596234 -0.009907374 0.007726374 0.022699594 0.999663413
1341846340.501858 0.033099029 0.091738358 0.460440874 -0.009161530 0.003978935 0.022882577 0.999688327
1341846340.534329 0.039232355 0.092939906 0.460097134 -0.008536125 0.002150445 0.022995291 0.999696791
1341846340.566041 0.043139447 0.089071631 0.462426782 -0.007639349 0.001115393 0.023422908 0.999695897
1341846340.601909 0.047718931 0.089850977 0.459350765 -0.005052964 0.000357372 0.024078954 0.999697208
1341846340.634005 0.049330749 0.093610160 0.454918146 -0.003957638 0.000030880 0.022766892 0.999733031
1341846340.666028 0.056624524 0.090433314 0.457057267 -0.004344190 -0.000424621 0.021369461 0.999762177
1341846340.701946 0.060747556 0.087778792 0.454700351 -0.002788888 0.000697074 0.019186499 0.999811769
1341846340.733954 0.062685102 0.092918225 0.450408667 -0.001177276 0.002373149 0.017359164 0.999845862
1341846340.770081 0.061636470 0.093902163 0.450568408 -0.001847867 0.003055422 0.014825683 0.999883771
1341846340.801980 0.067048892 0.092769466 0.450708747 -0.001802674 0.003471143 0.009448825 0.999947727
1341846340.833999 0.067879528 0.093880028 0.439344734 -0.002162797 0.005841359 0.005337684 0.999966383
1341846340.870013 0.064256229 0.092994638 0.441040367 -0.003554884 0.006260806 0.003175123 0.999969065
1341846340.901955 0.066455029 0.088695422 0.440346420 -0.003046469 0.005779844 0.002977361 0.999974251
1341846340.933918 0.064750127 0.089330249 0.439807415 -0.000998480 0.005395567 0.005566380 0.999969482
1341846340.970122 0.062165674 0.090830408 0.436873227 0.000460511 0.002746103 0.010158839 0.999944568
1341846341.001922 0.061913133 0.087650113 0.436013013 0.001382465 -0.001227240 0.015232388 0.999882281
1341846341.037923 0.065180406 0.089059614 0.428697139 0.002867104 -0.003993382 0.018033151 0.999825358
1341846341.070300 0.065637439 0.087883800 0.425356179 0.003086146 -0.004687048 0.018216418 0.999818325
1341846341.102028 0.063061967 0.087982468 0.422991544 0.003070107 -0.005891876 0.018411450 0.999808490
1341846341.137982 0.064427115 0.086509250 0.420530915 0.002930229 -0.007933252 0.018519862 0.999792755
1341846341.170048 0.066467635 0.084370255 0.419932067 0.003334797 -0.008424210 0.019960055 0.999759793
1341846341.202110 0.067180462 0.084937520 0.414698869 0.004877012 -0.009009504 0.021989929 0.999705732
1341846341.237996 0.068963692 0.085346729 0.411773324 0.006626082 -0.008976126 0.022903137 0.999675453
1341846341.269883 0.065698117 0.085779041 0.410287350 0.007770381 -0.008080176 0.023060866 0.999671280
1341846341.306107 0.066038370 0.086737044 0.409379184 0.008599393 -0.008888279 0.022263821 0.999675632
1341846341.338109 0.067807160 0.086506158 0.408137977 0.009309828 -0.008626559 0.020527661 0.999708772
1341846341.370120 0.067494757 0.086813726 0.406552821 0.009999912 -0.007317088 0.017874716 0.999763489
1341846341.406074 0.064173400 0.086501703 0.405562460 0.009971040 -0.006655626 0.016935386 0.999784768
1341846341.438113 0.062553801 0.081044652 0.406319171 0.010607314 -0.008327535 0.017556872 0.999754965
1341846341.470024 0.066595957 0.082739398 0.403189421 0.013604282 -0.009028759 0.016085349 0.999737382
1341846341.506077 0.064076245 0.088880599 0.400416464 0.014044391 -0.007835060 0.014652060 0.999763310
1341846341.538156 0.058938086 0.084243700 0.401565224 0.012854855 -0.009080335 0.014640152 0.999769032
1341846341.574016 0.061917990 0.083699800 0.399621278 0.013753922 -0.011606784 0.015698344 0.999714851
1341846341.612466 0.061275501 0.086841173 0.396081418 0.014523067 -0.012181911 0.016282300 0.999687731
1341846341.643972 0.056726307 0.090570934 0.393797517 0.013759661 -0.012979746 0.015012916 0.999708354
1341846341.679982 0.056388117 0.086769611 0.392503291 0.013141051 -0.014449402 0.015588684 0.999687731
1341846341.712332 0.053759247 0.088804968 0.389345050 0.014055448 -0.016480260 0.018571598 0.999592900
1341846341.744185 0.056193393 0.087542914 0.387548059 0.014300925 -0.018673385 0.020540614 0.999512315
1341846341.780061 0.056707196 0.089551143 0.384714216 0.014969360 -0.019282745 0.022031315 0.999459207
1341846341.842595 0.060145613 0.083359934 0.382721514 0.016706070 -0.020487666 0.027085878 0.999283552
1341846341.906227 0.060095098 0.080022596 0.378697366 0.019850601 -0.021076264 0.032212291 0.999061644
1341846341.942069 0.060672719 0.075525448 0.376444817 0.022795372 -0.021030318 0.033725802 0.998949766
1341846341.974775 0.060441546 0.075110927 0.371665746 0.026344074 -0.020977622 0.035027068 0.998818874
1341846342.010161 0.055330232 0.077223368 0.367795914 0.027035728 -0.021718437 0.037079580 0.998710394
1341846342.042024 0.061630625 0.070353456 0.361742973 0.027932556 -0.022769889 0.036985550 0.998665810
1341846342.080032 0.064468555 0.073938631 0.361173064 0.030494515 -0.020798549 0.037005845 0.998633146
1341846342.112265 0.058828674 0.070882693 0.361468107 0.030550137 -0.019560646 0.038878374 0.998585284
1341846342.147954 0.060181670 0.065073349 0.362239122 0.032365050 -0.020921055 0.041022230 0.998414755
1341846342.179852 0.064179562 0.067589119 0.357450843 0.035478316 -0.020783445 0.042419862 0.998253465
1341846342.211848 0.062887356 0.069402903 0.355480731 0.036224354 -0.019998873 0.042386677 0.998244047
1341846342.247920 0.063781627 0.065795019 0.354961753 0.037026972 -0.019859951 0.040989909 0.998275757
1341846342.279870 0.065058075 0.065753639 0.352790534 0.038561620 -0.019490808 0.041385047 0.998208582
1341846342.316068 0.065033816 0.065957442 0.350776374 0.039899036 -0.019278007 0.042369884 0.998118877
1341846342.347894 0.067685485 0.068677492 0.352087826 0.040589821 -0.019631866 0.042629372 0.998073041
1341846342.379953 0.069612354 0.067507923 0.352465957 0.040567297 -0.019261463 0.042718798 0.998077393
1341846342.416195 0.067516871 0.067483962 0.351596534 0.041141964 -0.018858051 0.043963771 0.998007476
