1341846313.592026 0.0000000 0.0000000 0.0000000 -0.0000000 -0.0000000 -0.0000000 1.0000000
1341846313.654184 0.0037931 -0.0015150 -0.0042285 -0.0008347 -0.0028279 0.0045338 0.9999854
1341846313.686156 0.0122114 -0.0019957 0.0003793 0.0000206 -0.0052979 0.0045675 0.9999756
1341846313.890011 0.0596064 0.0079559 0.0041260 0.0008085 -0.0041932 0.0040038 0.9999829
1341846314.257923 0.1382088 0.0199039 0.0221237 -0.0157926 0.0279572 0.0190921 0.9993020
1341846314.325981 0.1496356 0.0267481 0.0148896 -0.0146294 0.0302082 0.0163267 0.9993032
1341846314.493987 0.1831234 0.0160968 0.0166469 -0.0140116 0.0463135 0.0057754 0.9988120
1341846314.594085 0.2099415 0.0143757 0.0197678 -0.0140561 0.0545322 0.0039463 0.9984053
1341846314.694004 0.2264598 0.0134452 0.0256369 -0.0154498 0.0642990 0.0028217 0.9978071
1341846314.826092 0.2528820 0.0125845 0.0079268 -0.0030028 0.0728441 0.0140810 0.9972394
1341846314.894072 0.2665851 0.0174240 0.0129854 -0.0027293 0.0799760 0.0169375 0.9966491
1341846315.161941 0.3137269 0.0439613 0.0016554 -0.0079036 0.0868673 0.0292960 0.9957577
1341846315.230076 0.3205577 0.0342310 0.0111321 -0.0187145 0.0839654 0.0213186 0.9960648
1341846315.361981 0.3449172 0.0216207 0.0235279 -0.0159738 0.0744501 0.0310024 0.9966148
1341846315.666042 0.3821391 0.0334904 0.0073730 -0.0114657 0.0883632 0.0416548 0.9951510
1341846315.966572 0.3560384 0.0133075 0.0211731 -0.0111786 0.1004673 0.0367734 0.9941977
1341846316.470076 0.2477579 -0.0052290 0.0234781 0.0063344 0.0921932 0.0308474 0.9952431
1341846317.442569 0.0369757 -0.0230129 0.0198132 0.0351262 0.0422409 0.0552935 0.9969576
1341846317.509927 0.0116727 -0.0135294 0.0257115 0.0442615 0.0418902 0.0608908 0.9962823
1341846317.610159 -0.0050450 -0.0239599 0.0205150 0.0450466 0.0417569 0.0612346 0.9962317
1341846318.009897 -0.1021846 -0.0177001 0.0370914 0.0513672 0.0328040 0.0530829 0.9967284
1341846318.313937 -0.1996676 -0.0295478 0.0188000 0.0576523 0.0110988 0.0420149 0.9973905
1341846318.414072 -0.2233663 -0.0339937 0.0158961 0.0622870 -0.0113423 0.0406467 0.9971657
1341846318.514144 -0.2406573 -0.0288951 0.0353700 0.0664932 -0.0214963 0.0412141 0.9967036
1341846318.614115 -0.2663053 -0.0281721 0.0312666 0.0692672 -0.0225385 0.0400690 0.9965383
1341846318.714063 -0.2931533 -0.0263220 0.0360476 0.0681743 -0.0244662 0.0340414 0.9967923
1341846319.822008 -0.5665706 -0.0222738 0.0033555 0.0705060 -0.1054487 0.0512294 0.9905983
1341846319.953946 -0.5798479 -0.0426631 0.0156651 0.0614124 -0.1179173 0.0586808 0.9893839
1341846320.390064 -0.4642676 -0.0358558 0.0095839 0.1045117 -0.1199748 0.0566790 0.9856322
1341846320.731822 -0.3378410 -0.0346481 0.0218674 0.1225053 -0.0624202 0.0347219 0.9898942
1341846322.166164 -0.0356463 -0.0565840 0.0632495 0.0527945 0.0377858 0.0118978 0.9978194
1341846322.502433 -0.0123288 -0.1760028 0.0610736 0.0683597 0.0164375 0.0050860 0.9975123
1341846322.702026 -0.0036085 -0.2362567 0.0641418 0.1050445 0.0144995 0.0119142 0.9942905
1341846323.573913 0.0532541 -0.4105897 0.0819929 0.0930533 0.0003555 0.0152100 0.9955449
1341846323.774928 0.0221266 -0.4536046 0.0818211 0.1021393 0.0025481 0.0157999 0.9946414
1341846323.978055 0.0154505 -0.4913197 0.0678143 0.1145925 -0.0033295 -0.0002223 0.9934070
1341846326.858887 -0.0380828 0.2935338 0.2224711 0.0701382 0.0407475 0.0647863 0.9945969
1341846327.128901 -0.0385311 0.3613965 0.2392632 0.0669060 0.0408107 0.0660153 0.9947362
1341846327.393887 -0.0264604 0.4548797 0.2582099 0.0670669 0.0782383 0.0375818 0.9939660
1341846327.598010 -0.0437597 0.5272586 0.2874623 0.0522947 0.0679237 0.0482081 0.9951521
1341846327.730075 -0.0514044 0.5893166 0.2849749 0.0520902 0.0583651 0.0462858 0.9958603
1341846327.966065 -0.0440477 0.6642891 0.2962585 0.0220678 0.0563994 0.0461323 0.9970978
1341846328.234044 -0.0503646 0.6267654 0.2906529 0.0048189 0.0519217 0.0435245 0.9976906
1341846328.366008 -0.0481689 0.5610383 0.2848618 0.0162689 0.0492285 0.0439373 0.9976880
1341846328.502194 -0.0357184 0.4713359 0.2633250 0.0317827 0.0493988 0.0317502 0.9977683
1341846328.802331 -0.0198910 0.2950263 0.2370329 0.0596303 0.0250098 0.0261742 0.9975638
1341846329.106125 0.0056677 0.1958183 0.2062805 0.0727944 0.0089684 0.0299089 0.9968581
1341846329.405985 0.0184938 0.1148101 0.1797357 0.0680096 -0.0026226 0.0189468 0.9975013
1341846329.748113 0.0215648 0.0421416 0.1531205 0.0706329 -0.0161901 0.0021672 0.9973686
1341846330.316011 0.0008188 -0.0399077 0.1375228 0.0410568 -0.0095039 0.0269331 0.9987485
1341846330.652136 -0.0094999 -0.0612064 0.1188637 0.0279341 -0.0193570 0.0299263 0.9989742
1341846330.981986 -0.0412713 -0.0711350 0.0837726 0.0112482 -0.0435476 0.0401002 0.9981829
1341846331.318141 -0.0310556 -0.0662884 0.0772597 0.0243614 -0.0499266 0.0301783 0.9979996
1341846332.422055 -0.0096775 -0.0339173 0.3903098 0.0589823 0.0181513 0.0171482 0.9979467
1341846332.726000 -0.0055920 -0.0213530 0.4774614 0.0477974 0.0108174 0.0373512 0.9980999
1341846333.161973 0.0494329 0.0206801 0.5776293 0.0351501 0.0228833 0.0345987 0.9985208
1341846333.462115 0.0646583 0.0269727 0.6172527 0.0154957 0.0206192 0.0286287 0.9992573
1341846333.762089 0.0625086 0.0305023 0.6119837 0.0129392 0.0220594 0.0311997 0.9991860
1341846334.066000 0.0442896 0.0172695 0.5650302 0.0314070 0.0299381 0.0272004 0.9986879
1341846334.365871 0.0215006 0.0168887 0.4999174 0.0371199 0.0278234 0.0264892 0.9985722
1341846334.869874 -0.0340111 0.0153794 0.3767978 0.0219159 0.0083287 0.0159066 0.9995986
1341846335.169900 -0.0582440 0.0129304 0.2846839 0.0264493 -0.0028450 0.0163068 0.9995131
1341846335.507038 -0.0591976 0.0119252 0.1851069 0.0496844 0.0031722 0.0182871 0.9985925
1341846335.842031 -0.0749668 0.0189941 0.0873007 0.0420579 0.0056302 0.0133299 0.9990104
1341846336.142002 -0.1035312 0.0227792 -0.0067708 0.0407425 0.0018651 0.0108750 0.9991088
1341846336.510056 -0.1244662 0.0292944 -0.0903749 0.0441564 -0.0036692 0.0165951 0.9988801
1341846336.882056 -0.1557803 0.0367730 -0.1607834 0.0529195 -0.0169128 0.0245510 0.9981537
1341846337.585971 -0.1671570 0.0500896 -0.2272857 0.0452863 -0.0476445 0.0130713 0.9977517
1341846337.985994 -0.1487081 0.0672785 -0.1794115 0.0268735 -0.0328527 0.0095067 0.9990536
1341846338.321952 -0.1313768 0.0655821 -0.1001617 0.0109865 -0.0208465 0.0204600 0.9995130
1341846338.790039 -0.1101401 0.0769402 0.0331568 0.0000302 -0.0212732 0.0248322 0.9994653
1341846339.126562 -0.0836809 0.0943481 0.1455538 -0.0006695 -0.0164249 0.0203456 0.9996579
1341846339.462186 -0.0518067 0.1021597 0.2451764 -0.0238516 -0.0162233 0.0245287 0.9992828
1341846339.830245 -0.0150776 0.0977078 0.3386991 -0.0163168 -0.0010972 0.0181886 0.9997008
1341846340.229904 0.0153577 0.0938264 0.4179279 -0.0118720 0.0095437 0.0201517 0.9996809
1341846340.801980 0.0673976 0.0881958 0.4362237 -0.0026225 0.0037778 0.0095250 0.9999441
1341846341.370120 0.0703812 0.0835500 0.3999019 0.0092081 -0.0075908 0.0184133 0.9997593
