1341846313.592026 0.0000000 0.0000000 0.0000000 -0.0000000 -0.0000000 -0.0000000 1.0000000
1341846313.654184 0.0034998 -0.0017594 -0.0041263 -0.0009382 -0.0028697 0.0045980 0.9999849
1341846313.686156 0.0114067 -0.0030293 0.0017236 -0.0001873 -0.0052569 0.0044684 0.9999762
1341846313.957927 0.1002665 0.0123074 0.0110020 -0.0030067 -0.0032503 0.0070933 0.9999651
1341846313.990058 0.0882274 0.0119034 0.0090797 -0.0042037 0.0052712 0.0075455 0.9999488
1341846314.089801 0.1181841 0.0103921 0.0187716 -0.0093653 0.0129582 0.0110079 0.9998116
1341846314.725910 0.2214113 0.0066199 0.0252014 -0.0119859 0.0684360 0.0062340 0.9975640
1341846314.826092 0.2539430 0.0112346 0.0015204 -0.0031390 0.0727426 0.0136961 0.9972517
1341846314.894072 0.2685043 0.0141037 0.0038541 -0.0030878 0.0797035 0.0168207 0.9966719
1341846314.961937 0.2783684 0.0290577 0.0047199 -0.0046508 0.0825166 0.0260084 0.9962394
1341846315.129851 0.3108264 0.0196897 0.0138662 -0.0078130 0.0873699 0.0250454 0.9958304
1341846315.466047 0.3772524 0.0270066 0.0114597 -0.0095849 0.0777521 0.0384208 0.9961860
1341846315.698114 0.3964153 0.0422458 0.0004825 -0.0155187 0.0900651 0.0412843 0.9949589
1341846315.766041 0.3716495 0.0294413 0.0186287 -0.0193505 0.0933013 0.0416796 0.9945769
1341846316.101867 0.3221572 0.0137763 0.0165797 -0.0035088 0.1011478 0.0346614 0.9942612
1341846316.438069 0.2584820 -0.0048788 0.0173869 0.0016083 0.0923301 0.0272193 0.9953551
1341846317.205887 0.0758987 -0.0167672 0.0138341 0.0271053 0.0502696 0.0398629 0.9975716
1341846317.410120 0.0347848 -0.0129790 0.0215288 0.0331909 0.0427340 0.0516646 0.9971976
1341846317.677993 -0.0328221 -0.0222279 0.0260326 0.0483588 0.0392791 0.0654827 0.9959069
1341846317.810021 -0.0630348 -0.0177040 0.0295915 0.0493550 0.0330208 0.0627555 0.9962608
1341846318.045949 -0.1164127 -0.0125765 0.0354949 0.0519448 0.0342826 0.0517200 0.9967204
1341846318.278018 -0.1871357 -0.0325218 0.0323118 0.0553953 0.0165558 0.0424840 0.9974229
1341846318.382046 -0.2196854 -0.0316052 0.0278224 0.0609837 -0.0047668 0.0395132 0.9973450
1341846318.482196 -0.2352898 -0.0274786 0.0350972 0.0664588 -0.0200026 0.0400502 0.9967844
1341846319.286594 -0.4350657 -0.0249587 0.0178116 0.0817061 -0.0708485 0.0365471 0.9934631
1341846319.418386 -0.4704356 -0.0304894 0.0021397 0.0856229 -0.0787985 0.0547532 0.9916964
1341846319.686352 -0.5429538 -0.0390049 0.0070199 0.0796051 -0.0982703 0.0428715 0.9910439
1341846320.594093 -0.3785241 -0.0429095 0.0619790 0.1176291 -0.0833575 0.0399115 0.9887477
1341846322.806047 -0.0019377 -0.2704418 0.0717525 0.1093997 0.0122971 0.0153461 0.9938033
1341846323.238053 0.0271969 -0.3286028 0.0909154 0.0993508 0.0030171 0.0171029 0.9949009
1341846323.506129 0.0199582 -0.3911734 0.0893886 0.0957783 -0.0020348 0.0215050 0.9951683
1341846323.742111 0.0231392 -0.4586400 0.0815715 0.0980067 0.0046912 0.0188004 0.9949971
1341846326.826821 -0.0308983 0.3045192 0.2220048 0.0800784 0.0386274 0.0660137 0.9938499
1341846327.094662 -0.0322668 0.3544899 0.2371954 0.0681294 0.0400463 0.0673363 0.9945956
1341846327.330015 -0.0215549 0.4331694 0.2277391 0.0708324 0.0702542 0.0500548 0.9937513
1341846327.429966 -0.0318858 0.4885350 0.2556879 0.0674667 0.0774237 0.0390554 0.9939460
1341846327.561895 -0.0359353 0.5251189 0.2804981 0.0513089 0.0700580 0.0435368 0.9952707
1341846327.697919 -0.0429184 0.5656050 0.2870474 0.0555356 0.0584783 0.0444044 0.9957532
1341846327.797917 -0.0427868 0.6176062 0.2946812 0.0439041 0.0560071 0.0492470 0.9962482
1341846328.034045 -0.0412828 0.6705720 0.3036281 0.0084321 0.0580142 0.0407170 0.9974495
1341846328.198018 -0.0459034 0.6371065 0.2969011 0.0021712 0.0526205 0.0444415 0.9976228
1341846328.366008 -0.0457212 0.5571911 0.2847980 0.0159375 0.0493135 0.0428758 0.9977354
1341846328.470003 -0.0366493 0.4990820 0.2642071 0.0309611 0.0471307 0.0400690 0.9976044
1341846328.602804 -0.0423084 0.3970002 0.2534917 0.0380868 0.0485111 0.0339815 0.9975176
1341846328.838051 -0.0143278 0.2776925 0.2360308 0.0633542 0.0225139 0.0232585 0.9974660
1341846329.574086 0.0188496 0.0644333 0.1686085 0.0667890 -0.0113620 0.0048908 0.9976904
1341846329.942009 0.0125243 0.0054364 0.1534343 0.0676293 -0.0131886 0.0207208 0.9974082
1341846331.014111 -0.0372883 -0.0647585 0.0886267 0.0111560 -0.0480685 0.0405502 0.9979582
1341846331.382003 0.0158964 -0.0905285 0.0839406 0.0241140 -0.0442225 0.0300268 0.9982792
1341846331.717954 -0.0185069 -0.0379445 0.1461247 0.0381885 -0.0133406 0.0295399 0.9987448
1341846332.022364 -0.0028186 -0.0598656 0.2498504 0.0502907 0.0104552 0.0257649 0.9983475
1341846332.354003 -0.0026372 -0.0482908 0.3732050 0.0585989 0.0104819 0.0237892 0.9979431
1341846332.658202 -0.0020415 -0.0198521 0.4566751 0.0510620 0.0102603 0.0320967 0.9981269
1341846332.958015 0.0241447 0.0057315 0.5419111 0.0414347 0.0135219 0.0310503 0.9985671
1341846333.262056 0.0519965 0.0295688 0.6005749 0.0285480 0.0260393 0.0340543 0.9986727
1341846333.562063 0.0656408 0.0326007 0.6257894 0.0188654 0.0250598 0.0284884 0.9991019
1341846333.866045 0.0561341 0.0301216 0.6032491 0.0182515 0.0255722 0.0273026 0.9991334
1341846334.198072 0.0318185 0.0177321 0.5401130 0.0358857 0.0286851 0.0265557 0.9985911
1341846334.702085 -0.0224570 0.0140433 0.4304056 0.0242909 0.0168665 0.0123081 0.9994869
1341846335.305972 -0.0627672 0.0054922 0.2487136 0.0286347 -0.0040247 0.0113540 0.9995174
1341846335.605970 -0.0692049 0.0150663 0.1646937 0.0451066 0.0048847 0.0158948 0.9988438
1341846336.142002 -0.1027878 0.0241184 -0.0036616 0.0408270 0.0017178 0.0110459 0.9991037
1341846336.510056 -0.1242345 0.0296639 -0.0856908 0.0441749 -0.0038305 0.0166590 0.9988776
1341846336.882056 -0.1526587 0.0369844 -0.1554632 0.0528422 -0.0171431 0.0246183 0.9981522
1341846337.214073 -0.1591698 0.0595655 -0.1944578 0.0535728 -0.0389264 0.0108939 0.9977455
1341846337.549978 -0.1659590 0.0538928 -0.2233891 0.0482638 -0.0475534 0.0145488 0.9975959
1341846338.018107 -0.1475707 0.0654669 -0.1647023 0.0232903 -0.0311719 0.0105262 0.9991872
1341846338.290130 -0.1306256 0.0609496 -0.1011523 0.0105870 -0.0219362 0.0191415 0.9995201
1341846338.589842 -0.1181081 0.0723374 -0.0133997 0.0035514 -0.0205037 0.0197611 0.9995882
1341846338.925948 -0.0944538 0.0797125 0.0897941 -0.0026100 -0.0199650 0.0199852 0.9995975
1341846339.257998 -0.0671329 0.0972490 0.1937286 -0.0112605 -0.0150724 0.0225566 0.9995685
1341846339.595122 -0.0357990 0.1028462 0.2810703 -0.0175833 -0.0092770 0.0231480 0.9995344
1341846339.961960 -0.0038742 0.0918754 0.3706876 -0.0172595 0.0001442 0.0199188 0.9996526
1341846340.334063 0.0188398 0.0988969 0.4413323 -0.0106961 0.0119669 0.0213963 0.9996423
1341846340.833999 0.0678795 0.0938800 0.4393447 -0.0021628 0.0058414 0.0053377 0.9999664
1341846341.202110 0.0671805 0.0849375 0.4146988 0.0048770 -0.0090095 0.0219899 0.9997057
1341846341.643972 0.0567263 0.0905709 0.3937975 0.0137597 -0.0129797 0.0150129 0.9997084
1341846342.010161 0.0553302 0.0772234 0.3677959 0.0270357 -0.0217184 0.0370796 0.9987104
