1341846313.592026 0.000000000 0.000000000 0.000000000 -0.000000000 -0.000000000 -0.000000000 1.000000000
1341846313.654184 0.003793133 -0.001515002 -0.004228451 -0.000834714 -0.002827885 0.004533830 0.999985397
1341846313.686156 0.012211415 -0.001995661 0.000379309 0.000020612 -0.005297901 0.004567508 0.999975562
1341846313.721918 0.021148186 0.004389178 -0.001855156 0.000831873 -0.006906810 0.005063602 0.999963045
1341846313.753994 0.027339630 0.001626961 0.002482425 -0.000032627 -0.007559231 0.006154754 0.999952495
1341846313.789969 0.035009935 0.001411790 0.004156011 0.001049258 -0.008336528 0.004406783 0.999955058
1341846313.822075 0.047130633 0.008979733 0.002102938 0.002010244 -0.008077477 0.003470726 0.999959409
1341846313.853928 0.052818801 0.011297345 0.005723544 0.001886439 -0.005614305 0.002517042 0.999979317
1341846313.890011 0.059606399 0.007955928 0.004125988 0.000808491 -0.004193211 0.004003849 0.999982893
1341846313.922055 0.064390987 0.014969877 0.000372333 -0.000449865 -0.003641543 0.004726566 0.999982119
1341846313.957927 0.087488703 0.015108949 0.009628399 -0.002257991 -0.001417830 0.005293289 0.999982476
1341846313.990058 0.081131846 0.013830420 0.005380427 -0.003832725 0.006344281 0.006769580 0.999949634
1341846314.022042 0.084913261 0.019581350 0.001314460 -0.005573319 0.007898248 0.008267429 0.999919176
1341846314.057816 0.100436471 0.019229097 0.013978163 -0.008921492 0.009291052 0.009638920 0.999870658
1341846314.089801 0.109066539 0.017031970 0.017808756 -0.008250394 0.014024454 0.009858687 0.999819040
1341846314.122037 0.108338445 0.026272133 0.012276201 -0.008553857 0.018415388 0.012858525 0.999711215
1341846314.157989 0.121186063 0.020547366 0.019779630 -0.011448100 0.020515846 0.013792304 0.999628842
1341846314.190094 0.123254873 0.020696355 0.016919579 -0.011370614 0.024833964 0.015075276 0.999513268
1341846314.225969 0.128933102 0.026912648 0.011076352 -0.013251709 0.026644202 0.017885160 0.999397159
1341846314.257923 0.138208836 0.019903893 0.022123666 -0.015792605 0.027957162 0.019092148 0.999302030
1341846314.290052 0.135880366 0.018482687 0.017065456 -0.014710927 0.030274235 0.017011555 0.999288619
1341846314.325981 0.149635598 0.026748052 0.014889647 -0.014629434 0.030208247 0.016326679 0.999303222
1341846314.357905 0.157422543 0.017589552 0.019461222 -0.016611133 0.033078991 0.014933645 0.999203086
1341846314.389899 0.157683626 0.016423197 0.017395541 -0.015107944 0.036312360 0.013894731 0.999129713
1341846314.427905 0.167811975 0.023625065 0.012209466 -0.014442506 0.037520349 0.012843351 0.999109030
1341846314.493987 0.183123410 0.016096814 0.016646860 -0.014011628 0.046313547 0.005775413 0.998812020
1341846314.526085 0.182704911 0.020554435 0.007514387 -0.013574782 0.049293298 0.003716448 0.998685181
1341846314.558292 0.192806944 0.019876800 0.014730402 -0.014885702 0.051653303 0.004690091 0.998543084
1341846314.594085 0.209941521 0.014375661 0.019767804 -0.014056085 0.054532200 0.003946313 0.998405278
1341846314.626096 0.206881687 0.019322867 0.007672593 -0.013315267 0.059501883 0.004959659 0.998127103
1341846314.658455 0.212040573 0.020248316 0.007830160 -0.015224332 0.061539538 0.003547382 0.997982323
1341846314.694004 0.226459801 0.013445154 0.025636857 -0.015449842 0.064298965 0.002821690 0.997807086
1341846314.725910 0.219450012 0.010401917 0.029532650 -0.011695296 0.068734735 0.005473960 0.997551441
1341846314.761942 0.227864683 0.016951170 0.024484089 -0.007054726 0.068173029 0.010440106 0.997593999
1341846314.794030 0.241968781 0.017391643 0.021611432 -0.004016376 0.069374740 0.011371415 0.997517824
1341846314.826092 0.252882004 0.012584504 0.007926807 -0.003002830 0.072844058 0.014080969 0.997239411
1341846314.862145 0.252921194 0.017819010 0.005055957 -0.002212588 0.077501416 0.014054462 0.996890724
1341846314.894072 0.266585141 0.017423969 0.012985361 -0.002729339 0.079976007 0.016937459 0.996649146
1341846314.925969 0.267941147 0.022102905 0.018909397 -0.002259128 0.083157763 0.020028491 0.996332526
1341846314.961937 0.272480279 0.032580115 0.014919368 -0.004156573 0.083441190 0.024968967 0.996191204
1341846314.994564 0.279028624 0.028604826 0.021822581 -0.007847563 0.084246248 0.023474278 0.996137559
1341846315.029900 0.292096198 0.024651710 0.019799961 -0.008547799 0.086848542 0.020699825 0.995969832
1341846315.061965 0.290382028 0.026734075 0.025493335 -0.008817588 0.089766078 0.023969240 0.995635390
1341846315.094388 0.292539537 0.023370342 0.031251185 -0.008971841 0.088999897 0.024113460 0.995699286
1341846315.129851 0.305128902 0.023598641 0.023669770 -0.007026032 0.088135324 0.023368198 0.995809615
1341846315.161941 0.313726902 0.043961350 0.001655422 -0.007903625 0.086867347 0.029296005 0.995757699
1341846315.197984 0.308505982 0.042170681 0.004579115 -0.014142829 0.086055540 0.024094300 0.995898545
1341846315.230076 0.320557654 0.034231026 0.011132118 -0.018714452 0.083965406 0.021318603 0.996064782
1341846315.262069 0.322472990 0.036642846 0.016341316 -0.021554822 0.081403695 0.024041142 0.996158063
1341846315.298000 0.326760769 0.028925603 0.029248737 -0.024101427 0.077804804 0.025259506 0.996357143
1341846315.329931 0.335816324 0.013396489 0.039420184 -0.022281246 0.076032415 0.025935093 0.996519029
1341846315.361981 0.344917208 0.021620693 0.023527885 -0.015973788 0.074450068 0.031002382 0.996614754
1341846315.397962 0.354064226 0.024233986 0.021400193 -0.012878352 0.073985405 0.033608805 0.996609628
1341846315.429923 0.359496057 0.028382722 0.017375905 -0.009543614 0.075504184 0.034728397 0.996494889
1341846315.466047 0.371801972 0.034890547 0.011326164 -0.008085921 0.078113556 0.036794506 0.996232510
1341846315.497883 0.373660326 0.038533147 0.017324723 -0.008572003 0.080985069 0.041284312 0.995823085
1341846315.530008 0.374186814 0.035789058 0.016259825 -0.008917318 0.082674056 0.041700363 0.995663941
1341846315.566108 0.377698034 0.039744232 0.016003363 -0.009224532 0.083839059 0.042761609 0.995518684
1341846315.597986 0.378350765 0.036105722 0.017411508 -0.009826860 0.085344374 0.041989762 0.995417893
1341846315.630109 0.378617734 0.037738867 0.015908264 -0.009390879 0.086681165 0.040722221 0.995359182
1341846315.666042 0.382139057 0.033490431 0.007373048 -0.011465738 0.088363178 0.041654766 0.995150983
1341846315.698114 0.392842263 0.039213222 0.000526291 -0.015913364 0.090401679 0.040790398 0.994942486
1341846315.733985 0.375137925 0.025591541 0.025986325 -0.020077776 0.095611967 0.040353287 0.994397759
1341846315.766041 0.368607640 0.026408965 0.022313727 -0.019698413 0.093865529 0.041735925 0.994514644
1341846315.798188 0.374914259 0.025667662 0.020416459 -0.020750217 0.092380941 0.040911265 0.994666576
1341846315.834140 0.373403728 0.018129453 0.027245790 -0.020584222 0.094721004 0.039401922 0.994510829
1341846315.866751 0.367344439 0.018301114 0.025760723 -0.018157206 0.096766099 0.038844857 0.994383156
1341846315.898492 0.361731797 0.018001996 0.025120221 -0.016875008 0.097816616 0.038109876 0.994331360
1341846315.936901 0.359548420 0.011015655 0.027215909 -0.014888025 0.099379234 0.037085559 0.994246840
1341846315.966572 0.356038421 0.013307452 0.021173097 -0.011178560 0.100467287 0.036773384 0.994197726
1341846316.034204 0.350082666 0.011315050 0.016817344 -0.007631568 0.099921346 0.036077354 0.994311869
1341846316.066113 0.343979716 0.009635391 0.018088203 -0.005410804 0.100007713 0.036504686 0.994302094
1341846316.101867 0.332383573 0.013290710 0.011232133 -0.003741282 0.099414229 0.037788164 0.994321346
1341846316.134066 0.323864788 0.016882349 0.015529502 -0.004059936 0.096827507 0.035170909 0.994671345
1341846316.202049 0.311784297 0.009764602 0.018457614 -0.004214259 0.092266090 0.031409722 0.995229959
1341846316.233979 0.311030686 0.011873655 0.008176161 -0.003509934 0.090401471 0.029581467 0.995459795
1341846316.270052 0.304721057 0.010301176 0.008623286 -0.005024428 0.091664456 0.026149660 0.995433927
1341846316.301915 0.294567436 0.002563587 0.014556189 -0.005318387 0.093429469 0.023942696 0.995323777
1341846316.334208 0.284331292 0.002907126 0.016005037 -0.003551477 0.093130112 0.025516620 0.995320678
1341846316.370006 0.279032737 -0.000041372 0.014089716 -0.001833175 0.091866128 0.026216619 0.995424569
1341846316.401994 0.273612648 0.002349549 0.010636784 0.000250456 0.091063790 0.028350072 0.995441437
1341846316.438069 0.270518601 -0.003605095 0.015848584 0.001789292 0.090284355 0.030266425 0.995454431
1341846316.470076 0.247757882 -0.005229000 0.023478134 0.006334378 0.092193201 0.030847350 0.995243073
1341846316.502034 0.231996894 0.005811263 0.004467359 0.009284926 0.090558328 0.031494215 0.995349765
1341846316.537975 0.225973636 0.010033770 0.000495452 0.007257976 0.087799259 0.029596176 0.995672047
1341846316.570121 0.220831379 0.000335799 0.008460330 0.006246863 0.087640591 0.026549542 0.995778739
1341846316.601885 0.211683199 -0.003084679 0.008912862 0.007962669 0.087454110 0.025143661 0.995819390
1341846316.638009 0.203275770 -0.006193439 0.008241784 0.010024627 0.086315356 0.026738632 0.995858610
1341846316.669925 0.197260380 -0.008236608 0.009898821 0.012360428 0.085664354 0.026595205 0.995892406
1341846316.705941 0.189860448 -0.013746545 0.007505619 0.016028544 0.085930675 0.027114039 0.995803177
1341846316.738062 0.178671613 -0.004407474 -0.003718663 0.019213468 0.085653499 0.030348592 0.995677352
1341846316.770433 0.170052573 -0.001866956 -0.003020332 0.018404642 0.085208133 0.030446149 0.995727837
1341846316.805932 0.163448915 -0.011288359 0.004503589 0.018191705 0.085459940 0.029341673 0.995743334
1341846316.838029 0.150728479 -0.006583178 0.003343805 0.020061918 0.084395982 0.030956037 0.995749295
1341846316.870034 0.139653042 -0.009913414 0.008009388 0.020264557 0.081511393 0.032317214 0.995942235
1341846316.906344 0.132937878 -0.009429477 0.003538372 0.021412373 0.078433119 0.030908223 0.996210039
1341846316.937940 0.129129395 -0.006358612 0.000907574 0.021612389 0.076934196 0.028420437 0.996396720
1341846316.973994 0.118423797 -0.006675365 0.003447536 0.020728132 0.075594440 0.028495476 0.996515870
1341846317.005913 0.109824173 -0.008389710 0.008664574 0.019556377 0.073210880 0.029215898 0.996696651
1341846317.037936 0.101945549 -0.013496744 0.011942274 0.019565538 0.071120225 0.028275058 0.996874988
1341846317.073972 0.098360464 -0.014508317 0.011658044 0.020681087 0.069067881 0.029136306 0.996971905
1341846317.106113 0.088451974 -0.018565368 0.025806209 0.022856478 0.067826882 0.033645153 0.996867716
1341846317.137887 0.069467567 -0.016769527 0.027915901 0.026338357 0.063130662 0.037888203 0.996938050
1341846317.173970 0.063346110 -0.012853020 0.016062398 0.027683450 0.056245856 0.039149046 0.997265041
1341846317.205887 0.061865132 -0.013818773 0.018519085 0.027665693 0.052915875 0.040033404 0.997412622
1341846317.248131 0.051034443 -0.016806908 0.024122633 0.028750222 0.050707072 0.042172644 0.997408509
1341846317.306289 0.041494861 -0.013710211 0.016860273 0.030600023 0.044362687 0.045968052 0.997488141
1341846317.348137 0.039371327 -0.016689247 0.016151845 0.031615160 0.045134909 0.047029540 0.997372329
1341846317.410120 0.020877544 -0.012107285 0.020419991 0.033722125 0.045403682 0.052897744 0.996997118
1341846317.442569 0.036975726 -0.023012860 0.019813212 0.035126187 0.042240940 0.055293489 0.996957600
1341846317.474010 0.023024773 -0.022009332 0.018780004 0.040725537 0.043344274 0.057579745 0.996567726
1341846317.509927 0.011672742 -0.013529411 0.025711514 0.044261456 0.041890223 0.060890824 0.996282339
1341846317.542282 0.004287941 -0.010504797 0.020295378 0.043545045 0.039353788 0.060419798 0.996445954
1341846317.573943 0.009896923 -0.021234982 0.018511429 0.042277634 0.038862135 0.059937499 0.996549010
1341846317.610159 -0.005045020 -0.023959903 0.020514986 0.045046609 0.041756894 0.061234552 0.996231675
1341846317.643553 -0.023518380 -0.017997483 0.015884455 0.048082080 0.042100035 0.064200953 0.995888531
1341846317.677993 -0.034874938 -0.021997811 0.024284806 0.048431143 0.039490748 0.066327609 0.995839179
1341846317.709996 -0.035858233 -0.020517835 0.026803125 0.051284865 0.036245979 0.065953426 0.995844483
1341846317.741834 -0.046653621 -0.011176292 0.022887647 0.051984079 0.035609391 0.065452687 0.995864272
1341846317.777923 -0.056856666 -0.013839182 0.026272282 0.050011657 0.034849953 0.064485505 0.996055186
1341846317.810021 -0.066147529 -0.017034659 0.027739473 0.049535301 0.033434212 0.062832110 0.996233225
1341846317.841886 -0.074897796 -0.011250363 0.023230283 0.049294487 0.032486960 0.060990635 0.996390939
1341846317.878017 -0.081213862 -0.012043229 0.025518149 0.046797018 0.032263342 0.057270959 0.996739268
1341846317.909910 -0.084169306 -0.016461035 0.026375299 0.045663927 0.033220045 0.053880729 0.996949434
1341846317.946031 -0.099505775 -0.018085387 0.032721486 0.046966352 0.035069305 0.055072267 0.996760428
1341846317.978041 -0.107527368 -0.021272447 0.034011390 0.048873339 0.033769529 0.055395395 0.996695817
1341846318.009897 -0.102184631 -0.017700097 0.037091352 0.051367175 0.032803997 0.053082943 0.996728420
1341846318.045949 -0.112465426 -0.011776144 0.036596600 0.052162077 0.033910688 0.051961355 0.996709168
1341846318.078074 -0.124718562 -0.015221825 0.042853914 0.051223569 0.032832574 0.051075839 0.996839762
1341846318.109894 -0.136499137 -0.014327775 0.041560072 0.051094562 0.029228801 0.048775043 0.997073770
1341846318.145957 -0.139111996 -0.013346829 0.042157151 0.050412953 0.026962351 0.045744922 0.997315943
1341846318.178001 -0.148153096 -0.017626777 0.034637447 0.049088739 0.027241537 0.042386908 0.997522712
1341846318.214074 -0.169509947 -0.021300841 0.045720201 0.049886867 0.026948780 0.041348998 0.997534633
1341846318.245970 -0.179858446 -0.028654208 0.047516596 0.052266639 0.021899860 0.042942900 0.997469127
1341846318.278018 -0.183801010 -0.027449021 0.047363859 0.056361124 0.016433937 0.042994600 0.997348964
1341846318.313937 -0.199667603 -0.029547805 0.018799987 0.057652324 0.011098800 0.042014886 0.997390509
1341846318.345989 -0.210676208 -0.030883439 0.025705848 0.059039969 0.002789042 0.040369976 0.997435093
1341846318.382046 -0.208334893 -0.031085905 0.025052749 0.061174553 -0.005046421 0.040198270 0.997304559
1341846318.414072 -0.223366335 -0.033993676 0.015896143 0.062286999 -0.011342301 0.040646713 0.997165740
1341846318.446035 -0.225206435 -0.038220432 0.021422569 0.064068452 -0.017682580 0.041202433 0.996937811
1341846318.482196 -0.227139026 -0.033851434 0.021483874 0.065828025 -0.020298887 0.041370008 0.996766388
1341846318.514144 -0.240657285 -0.028895101 0.035370037 0.066493154 -0.021496303 0.041214056 0.996703565
1341846318.546259 -0.243305206 -0.033694074 0.035409443 0.067699760 -0.023082606 0.041105252 0.996591389
1341846318.582042 -0.254165739 -0.027982758 0.033623118 0.069517285 -0.022366168 0.040776249 0.996496141
1341846318.614115 -0.266305238 -0.028172083 0.031266648 0.069267154 -0.022538492 0.040069047 0.996538281
1341846318.650038 -0.275929272 -0.030255469 0.031084472 0.068773471 -0.022695886 0.036992315 0.996687889
1341846318.682350 -0.287360907 -0.029854296 0.028948611 0.068325952 -0.022856284 0.035042141 0.996785462
1341846318.714063 -0.293153375 -0.026322000 0.036047585 0.068174295 -0.024466196 0.034041431 0.996792257
1341846318.749905 -0.299723059 -0.034131091 0.034694728 0.068430290 -0.024586264 0.036320101 0.996691346
1341846318.782036 -0.314669281 -0.029364303 0.039283819 0.070684783 -0.024671674 0.037796061 0.996477008
1341846318.814121 -0.332582653 -0.030075695 0.030995842 0.070664555 -0.029017683 0.036059253 0.996425807
1341846318.850072 -0.339442223 -0.036898110 0.016598372 0.070246130 -0.035059776 0.033996556 0.996333599
1341846318.883516 -0.356128484 -0.046574701 0.014148572 0.072684802 -0.041783113 0.033512421 0.995915711
1341846318.918047 -0.373354554 -0.038807273 0.007409614 0.076168284 -0.052684434 0.030874297 0.995223403
1341846318.950044 -0.364851415 -0.043588784 0.015854897 0.077857174 -0.064262345 0.028973008 0.994469345
1341846318.982028 -0.377497107 -0.037194032 0.014163371 0.079966657 -0.067558631 0.025482086 0.994179070
1341846319.018123 -0.392699271 -0.033110525 0.015463389 0.080011241 -0.072707705 0.024545843 0.993835688
1341846319.050745 -0.389861882 -0.048066299 0.019967027 0.080330171 -0.079720713 0.024772989 0.993266284
1341846319.081905 -0.387040764 -0.041021410 0.026560882 0.086302049 -0.080324531 0.023640303 0.992744267
1341846319.117976 -0.409111798 -0.034617119 0.020495560 0.088968888 -0.078608647 0.028644189 0.992514372
1341846319.150093 -0.414455414 -0.037935644 0.021557849 0.090732507 -0.083549611 0.035774816 0.991719365
1341846319.186069 -0.404187649 -0.024841581 0.034016941 0.093025565 -0.085750818 0.035833593 0.991316795
1341846319.218149 -0.405560970 -0.008335124 0.033925038 0.090469077 -0.080875181 0.033201169 0.992054641
1341846319.250034 -0.420025527 -0.010660497 0.016567662 0.084572680 -0.074228965 0.032677140 0.993111193
1341846319.286594 -0.433208883 -0.022663422 0.023043409 0.082063511 -0.070808023 0.036313362 0.993445158
1341846319.318034 -0.439587921 -0.020734558 0.024448346 0.082996175 -0.070104562 0.039719269 0.993287206
1341846319.350268 -0.446385175 -0.024112865 0.034632247 0.083504379 -0.069952600 0.046805866 0.992946625
1341846319.386163 -0.470891714 -0.033371925 0.008122192 0.084412374 -0.073244803 0.054325078 0.992249310
1341846319.418386 -0.478363752 -0.028121026 0.018373288 0.086113662 -0.078692675 0.054867320 0.991655946
1341846319.453961 -0.479783267 -0.025606701 0.002450288 0.086811133 -0.080358148 0.050277557 0.991704881
1341846319.486271 -0.495009959 -0.025997518 -0.002455960 0.085587963 -0.080331147 0.050716843 0.991791070
1341846319.554083 -0.502469301 -0.026155880 0.016957857 0.080637842 -0.087176338 0.048475273 0.991739869
1341846319.586296 -0.517492056 -0.027087167 0.017271886 0.081075400 -0.086034402 0.044595730 0.991985977
1341846319.622031 -0.532567799 -0.026848888 0.005246539 0.079293452 -0.088920444 0.042043034 0.991986930
1341846319.653962 -0.536503136 -0.034365281 0.016335249 0.078255460 -0.094507404 0.041511342 0.991575181
1341846319.686352 -0.543514907 -0.037556414 0.002379434 0.079676434 -0.098173425 0.042726193 0.991054058
1341846319.721992 -0.551335454 -0.029775554 -0.007426610 0.080711246 -0.101965338 0.043263428 0.990564048
1341846319.754063 -0.554266512 -0.017443942 -0.009668940 0.078282923 -0.104452848 0.042871010 0.990516841
1341846319.786397 -0.555398107 -0.021050144 -0.004896079 0.073638536 -0.104913689 0.047116123 0.990631402
1341846319.822008 -0.566570580 -0.022273794 0.003355538 0.070506014 -0.105448671 0.051229406 0.990598321
1341846319.853917 -0.569715381 -0.020805225 0.009178430 0.065671355 -0.106604211 0.055109497 0.990598679
1341846319.889942 -0.575203955 -0.031433500 0.011092474 0.061997175 -0.106975764 0.059721496 0.990528107
1341846319.922039 -0.586436331 -0.038996574 -0.002346860 0.061076257 -0.110464089 0.061276279 0.990107417
1341846319.953946 -0.579847872 -0.042663068 0.015665127 0.061412420 -0.117917329 0.058680765 0.989383936
1341846319.990054 -0.578939557 -0.038722388 0.016333731 0.064446084 -0.120996736 0.051697750 0.989208698
1341846320.028122 -0.585045755 -0.042958360 0.009237518 0.066126533 -0.124404572 0.050736696 0.988724768
1341846320.090047 -0.564081669 -0.030022224 0.023663081 0.072106346 -0.133096918 0.051199380 0.987149715
1341846320.122011 -0.555601776 -0.029010190 0.021210212 0.072949953 -0.131087393 0.052119996 0.987308443
1341846320.157952 -0.547487974 -0.032471269 0.023572873 0.072860204 -0.128561229 0.053180318 0.987590671
1341846320.190003 -0.534107566 -0.037205428 0.038600028 0.075405188 -0.125795171 0.051833607 0.987827420
1341846320.221941 -0.529792190 -0.037222385 0.036994096 0.079530418 -0.122305103 0.052466139 0.987908721
1341846320.258015 -0.521111012 -0.043367576 0.038276449 0.083251111 -0.121494278 0.054760836 0.987577736
1341846320.289887 -0.508954346 -0.052944463 0.044372514 0.088221572 -0.122823082 0.055636175 0.986932695
1341846320.321954 -0.495097578 -0.052676268 0.044702426 0.096590400 -0.124379404 0.055385806 0.985967815
1341846320.357890 -0.480664283 -0.037355449 0.038200408 0.102921642 -0.124100424 0.055991419 0.985327959
1341846320.390064 -0.464267641 -0.035855800 0.009583873 0.104511730 -0.119974792 0.056679040 0.985632241
1341846320.426544 -0.442876279 -0.037547309 0.013057362 0.107349649 -0.112956375 0.052383188 0.986393929
1341846320.458122 -0.442706317 -0.034290332 0.032189310 0.108800210 -0.105424993 0.049732335 0.987205625
1341846320.490186 -0.428204834 -0.041009907 0.042355340 0.111999929 -0.098585591 0.049227104 0.987579703
1341846320.525911 -0.416060507 -0.037708249 -0.000786046 0.115122981 -0.090762712 0.047287930 0.988065183
1341846320.558091 -0.403511256 -0.036506109 0.020468127 0.116418831 -0.087034844 0.043436889 0.988425493
1341846320.594093 -0.383059174 -0.039774831 0.035204835 0.117756523 -0.082474418 0.039380386 0.988827944
1341846320.631955 -0.378139913 -0.035873119 0.033437185 0.120348483 -0.075048946 0.038716372 0.989133477
1341846320.664916 -0.368606329 -0.031951949 0.030655369 0.120622784 -0.072700173 0.037114099 0.989336848
1341846320.699927 -0.353053778 -0.036159240 0.053248063 0.120815508 -0.070016421 0.035454363 0.989567816
1341846320.731822 -0.337841034 -0.034648065 0.021867359 0.122505344 -0.062420242 0.034721904 0.989894211
1341846320.763877 -0.346333563 -0.015570522 0.012073967 0.120567545 -0.060370166 0.034213722 0.990276933
1341846320.799999 -0.317190558 -0.035371490 0.016696107 0.112822294 -0.063244827 0.030586330 0.991128564
1341846320.831871 -0.289722294 -0.036733810 0.016988600 0.115326561 -0.052764539 0.025946336 0.991585910
1341846320.863887 -0.315845758 -0.022335786 0.020872964 0.112971507 -0.043424837 0.029465297 0.992211461
1341846320.900014 -0.305874795 -0.030741125 0.026121905 0.106659368 -0.047780994 0.032611027 0.992611408
1341846320.931889 -0.277356893 -0.035830516 0.039558984 0.108264863 -0.048265126 0.030889116 0.992469251
1341846320.967866 -0.279810786 -0.017033858 0.023323230 0.107957028 -0.042435620 0.027215641 0.992876589
1341846321.000017 -0.276224077 -0.022436526 0.021669637 0.101748101 -0.042262036 0.026068967 0.993570149
1341846321.031860 -0.253925651 -0.034462232 0.031298019 0.099265538 -0.042604927 0.024882248 0.993837059
1341846321.068047 -0.246230379 -0.022390999 0.022217495 0.100230038 -0.038680475 0.021656115 0.993976295
1341846321.099840 -0.242056638 -0.024959983 0.021173535 0.097674787 -0.037350204 0.022463230 0.994263589
1341846321.131821 -0.222839504 -0.034783568 0.021995751 0.097576171 -0.036228161 0.023653476 0.994287193
1341846321.167887 -0.214963391 -0.031646177 0.023757761 0.100349799 -0.032396544 0.024346555 0.994126618
1341846321.200042 -0.210825115 -0.028085649 0.019867636 0.100754738 -0.029873438 0.024214957 0.994167924
1341846321.231950 -0.200199306 -0.033223506 0.021933513 0.099904329 -0.028809613 0.022767957 0.994319260
1341846321.267939 -0.184705168 -0.029785279 0.016543090 0.100438043 -0.027169483 0.018136041 0.994406879
1341846321.299948 -0.174757645 -0.033292718 0.021144513 0.098963231 -0.022872871 0.012335371 0.994751751
1341846321.331858 -0.172857076 -0.036761560 0.024987197 0.099061899 -0.019707074 0.008445696 0.994850278
1341846321.367913 -0.154571652 -0.040938564 0.022020273 0.100388698 -0.017750453 0.004408259 0.994780242
1341846321.399897 -0.149563223 -0.038513850 0.022554336 0.102229983 -0.012513903 0.003171709 0.994677126
1341846321.435994 -0.143026084 -0.044134103 0.026081856 0.103393458 -0.008737469 0.003060279 0.994597435
1341846321.467946 -0.134712324 -0.041279223 0.027646255 0.105526671 -0.006238660 0.003552666 0.994390547
1341846321.499882 -0.122916535 -0.040708862 0.027062701 0.106923066 -0.003445044 0.003655701 0.994254649
1341846321.536109 -0.102166541 -0.031958655 0.023379197 0.107110329 0.001108253 0.000885033 0.994246125
1341846321.568960 -0.105896316 -0.026446322 0.032237560 0.104155570 0.007987137 -0.001317291 0.994528174
1341846321.603938 -0.100579664 -0.032008473 0.036395062 0.100539304 0.010610202 -0.001934028 0.994874656
1341846321.637163 -0.065289535 -0.026104521 0.012952604 0.098009080 0.014009640 -0.001452983 0.995085835
1341846321.668306 -0.073923960 -0.024174325 0.022961657 0.093808077 0.023316698 0.001085064 0.995316684
1341846321.704411 -0.088854812 -0.029815618 0.032841876 0.090290993 0.025676828 0.008512612 0.995548010
1341846321.736861 -0.076458655 -0.028121473 0.033915348 0.089378417 0.022795964 0.016818825 0.995594800
1341846321.771881 -0.061703969 -0.013384518 0.032587036 0.087501265 0.022165410 0.022013260 0.995674491
1341846321.804114 -0.050869346 -0.019460933 0.033585243 0.082976304 0.024022333 0.024940204 0.995949745
1341846321.836152 -0.058864329 -0.008754428 0.051815800 0.080474928 0.027992632 0.025094472 0.996047437
1341846321.871882 -0.053588938 -0.001170788 0.050263461 0.075621538 0.028900858 0.022797327 0.996456981
1341846321.904074 -0.047015764 -0.002297938 0.054964267 0.069324248 0.030002080 0.020086005 0.996940613
1341846321.939847 -0.041966084 -0.008461408 0.059412442 0.064949490 0.032914806 0.017247228 0.997196496
1341846322.004094 -0.048580155 -0.014188603 0.063758455 0.057802565 0.031398449 0.016637081 0.997695506
1341846322.066178 -0.030236272 -0.022884980 0.059265126 0.052615780 0.035542116 0.013858414 0.997885883
1341846322.107979 -0.035100110 -0.038613930 0.061545465 0.049644563 0.037964500 0.012467444 0.997967303
1341846322.166164 -0.035646338 -0.056584034 0.063249476 0.052794516 0.037785847 0.011897833 0.997819364
1341846322.202932 -0.031354181 -0.060686182 0.061377600 0.054246493 0.035106808 0.012347003 0.997833908
1341846322.234093 -0.030334638 -0.063648015 0.060888838 0.053249683 0.033523254 0.010376971 0.997964442
1341846322.265941 -0.029677102 -0.073868416 0.060852677 0.050510574 0.030504115 0.011328670 0.998193324
1341846322.301996 -0.021014359 -0.087209806 0.062419537 0.048599586 0.028228411 0.012295460 0.998343706
1341846322.333949 -0.033156238 -0.100320831 0.061892379 0.047573321 0.027196346 0.011445072 0.998431861
1341846322.369871 -0.021883188 -0.116049252 0.062663183 0.048072215 0.021241302 0.008758604 0.998579621
1341846322.402292 -0.008288865 -0.130941778 0.059778467 0.049507231 0.021988370 0.002613215 0.998528361
1341846322.433955 -0.024018347 -0.157919571 0.063873313 0.053330105 0.024483684 -0.001339702 0.998275876
1341846322.470030 -0.026754338 -0.166386753 0.064779617 0.061392494 0.020479469 0.001641527 0.997902215
1341846322.502433 -0.012328758 -0.176002771 0.061073627 0.068359651 0.016437519 0.005085957 0.997512341
1341846322.534002 -0.004014934 -0.198407263 0.066331975 0.075928286 0.015550386 0.007641736 0.996962726
1341846322.570196 -0.006620333 -0.208988219 0.066292696 0.085026368 0.015554688 0.009313257 0.996213794
1341846322.601920 -0.010351147 -0.215821847 0.062969729 0.090483777 0.012562774 0.013203612 0.995731175
1341846322.638119 0.009467896 -0.232604161 0.064034164 0.095329069 0.008272008 0.013384157 0.995321512
1341846322.669947 0.022887988 -0.233299360 0.062471755 0.100636803 0.010395579 0.013293192 0.994780123
1341846322.702026 -0.003608467 -0.236256689 0.064141802 0.105044492 0.014499471 0.011914223 0.994290471
1341846322.738006 -0.000564004 -0.237066373 0.061761089 0.106479675 0.011669885 0.014046843 0.994147182
1341846322.770087 0.011416879 -0.257813841 0.066861801 0.105887093 0.011689586 0.014051042 0.994210243
1341846322.806047 -0.000259648 -0.268804371 0.066131696 0.109510884 0.012297656 0.015255751 0.993792534
1341846322.838063 -0.005036931 -0.272313684 0.066851273 0.111696884 0.008300502 0.016962526 0.993562937
1341846322.870081 0.002044132 -0.290178925 0.072030969 0.113184065 0.002655887 0.017990567 0.993407667
1341846322.906018 0.017978523 -0.292988271 0.075203478 0.118100129 0.000094123 0.018900612 0.992821813
1341846322.938349 0.013529601 -0.275999367 0.078916721 0.120067365 0.001580400 0.019606309 0.992570937
1341846322.970069 0.016123844 -0.280946225 0.077263586 0.115522221 0.001190894 0.021260213 0.993076622
1341846323.011820 0.018814337 -0.297027767 0.082513340 0.112565927 0.001459404 0.021727653 0.993405640
1341846323.073951 0.015768228 -0.293924659 0.076689065 0.110118523 0.001479911 0.025790794 0.993582666
1341846323.105962 0.018058924 -0.310146153 0.084396176 0.106818095 0.001340863 0.026285283 0.993930221
1341846323.138158 0.020380545 -0.318709880 0.078951672 0.107020251 0.001299497 0.022785867 0.993994892
1341846323.174092 0.016601382 -0.318962336 0.087715566 0.105205230 0.001041873 0.021416727 0.994219422
1341846323.206059 0.027243625 -0.328035325 0.083452530 0.101982281 -0.000163458 0.019640999 0.994592309
1341846323.238053 0.032240517 -0.330433071 0.083985336 0.099431522 0.002589657 0.018060988 0.994877100
1341846323.273997 0.013724340 -0.331372559 0.081707627 0.095448084 0.003984438 0.018381625 0.995256722
1341846323.305946 0.018920038 -0.339139730 0.085028961 0.090488173 -0.000307481 0.019446788 0.995707631
1341846323.342027 0.041900083 -0.356462657 0.096017711 0.087860078 0.000104442 0.018031826 0.995969653
1341846323.374048 0.018968366 -0.360983193 0.095072217 0.088553689 0.005039992 0.018244052 0.995891571
1341846323.405987 0.002439543 -0.373513311 0.088951886 0.088340640 0.001983786 0.022700604 0.995829701
1341846323.441956 0.024013933 -0.385302752 0.093839623 0.089228265 -0.003488672 0.025091900 0.995688975
1341846323.473878 0.029749021 -0.395752251 0.095390163 0.093050435 -0.002460561 0.023963340 0.995369971
1341846323.506129 0.022163428 -0.387163341 0.089208551 0.096134409 -0.002051356 0.021487469 0.995134294
1341846323.541972 0.032008193 -0.390056640 0.085852571 0.094562277 -0.002615101 0.019410644 0.995326281
1341846323.573913 0.053254057 -0.410589755 0.081992909 0.093053289 0.000355511 0.015210034 0.995544910
1341846323.609927 0.039190680 -0.408840179 0.092097133 0.094161794 0.006908144 0.011663743 0.995464623
1341846323.642014 0.025504056 -0.419321984 0.090147793 0.092755757 0.009236741 0.012221464 0.995571077
1341846323.674081 0.024312275 -0.433877021 0.081599273 0.092497520 0.007661560 0.014254767 0.995581448
1341846323.710069 0.027317932 -0.448605597 0.093236677 0.093851373 0.005940851 0.018935295 0.995388448
1341846323.742111 0.028063213 -0.458364129 0.087400310 0.098149128 0.004217098 0.020220326 0.994957387
1341846323.774928 0.022126637 -0.453604639 0.081821069 0.102139346 0.002548132 0.015799912 0.994641364
1341846323.810012 0.027696645 -0.461190253 0.082037024 0.103574462 0.000953616 0.012685171 0.994540393
1341846323.842207 0.027515586 -0.464733422 0.079349548 0.104911938 0.001129335 0.007578657 0.994452059
1341846323.878019 0.021061398 -0.476565093 0.072407775 0.105348781 0.000856332 0.003599699 0.994428456
1341846323.909826 0.025055002 -0.488646954 0.078777932 0.108273201 -0.001297508 -0.000273932 0.994120359
1341846323.942459 0.019459380 -0.486588597 0.073906854 0.112363338 -0.000968290 -0.000912775 0.993666291
1341846323.978055 0.015450486 -0.491319597 0.067814298 0.114592500 -0.003329517 -0.000222331 0.993407011
1341846324.015934 0.024422131 -0.494084507 0.069793813 0.118297137 -0.006028117 -0.000010809 0.992960036
1341846324.047722 0.023987660 -0.484950393 0.078763336 0.122124635 -0.004401841 -0.001045638 0.992504478
1341846324.083904 0.017100725 -0.472875297 0.062581286 0.122547485 -0.002404024 -0.002284300 0.992457151
1341846324.115968 0.019505432 -0.471295327 0.066013962 0.120283715 -0.000775882 -0.003764431 0.992732167
1341846324.151967 0.024211992 -0.463469833 0.071915820 0.120163955 0.001930160 -0.008595175 0.992715061
1341846324.183941 0.019029312 -0.456610829 0.070188463 0.117229685 0.006234822 -0.012583027 0.993005574
1341846324.219984 0.023392797 -0.447515726 0.071873322 0.113081768 0.007345153 -0.010106477 0.993507147
1341846324.251968 0.020409392 -0.449954361 0.074904688 0.112268515 0.007561924 -0.010698768 0.993591547
1341846324.284052 0.013824238 -0.437828064 0.073776037 0.112885945 0.007243823 -0.011642878 0.993513405
1341846324.319880 0.007398010 -0.425317168 0.069822736 0.111715108 0.004219397 -0.012317901 0.993654966
1341846324.351917 0.013397295 -0.411770523 0.069683678 0.108384296 0.000449545 -0.013792883 0.994013309
1341846324.388001 0.021963134 -0.402860373 0.075150035 0.104272768 -0.000059153 -0.016977869 0.994403839
1341846324.419908 0.018162282 -0.379767209 0.079717070 0.100428432 0.002466485 -0.019838102 0.994743466
1341846324.452027 0.014253087 -0.380755007 0.084517427 0.095468126 0.003048744 -0.020009175 0.995226741
1341846324.487928 0.009896484 -0.373883158 0.085611619 0.094005622 0.002815921 -0.017773291 0.995409012
1341846324.519985 -0.001444668 -0.362396985 0.084521890 0.092821985 0.001246836 -0.013586147 0.995589256
1341846324.556001 -0.001273647 -0.345879912 0.088149488 0.091420524 -0.003891346 -0.009209608 0.995762229
1341846324.587888 0.001602281 -0.332451016 0.089246318 0.088155612 -0.007048124 -0.006794686 0.996058643
1341846324.620086 0.004399566 -0.334315240 0.090920515 0.085235789 -0.009798162 -0.008950925 0.996272445
1341846324.655955 0.010328074 -0.317527741 0.092893332 0.084455535 -0.011381443 -0.010316513 0.996308863
1341846324.688082 0.007607574 -0.317387313 0.097705051 0.083518386 -0.011118803 -0.009306820 0.996400833
1341846324.755922 -0.007475795 -0.282088459 0.093525000 0.085169807 -0.013529637 -0.006062382 0.996256173
1341846324.814016 0.012188467 -0.244325191 0.092108235 0.080648229 -0.020447729 -0.008656099 0.996495306
1341846324.849979 0.004001055 -0.237293348 0.100832030 0.074942075 -0.017023429 -0.010719827 0.996984959
1341846324.881924 -0.006723673 -0.238004521 0.100632362 0.071635760 -0.017488513 -0.011422384 0.997212172
1341846324.913902 -0.001028934 -0.227575749 0.102886461 0.070687488 -0.019370027 -0.008170274 0.997276962
1341846324.949999 -0.004933915 -0.231421679 0.107131377 0.070650518 -0.019231953 -0.005358933 0.997301400
1341846324.981922 -0.015218603 -0.226216391 0.106109388 0.074994430 -0.021227859 -0.002134599 0.996955752
1341846325.018013 -0.019905359 -0.210197613 0.106309436 0.079433523 -0.026078459 0.000407080 0.996498942
1341846325.050079 -0.021835577 -0.195025310 0.097183317 0.081428505 -0.030918801 -0.000352168 0.996199489
1341846325.081901 -0.018838035 -0.179452896 0.086052328 0.080646224 -0.036042821 -0.002849108 0.996086836
1341846325.118531 -0.006727159 -0.164216265 0.085272774 0.076665021 -0.038352594 -0.005114250 0.996305883
1341846325.149933 -0.011422587 -0.164578617 0.095188670 0.070996687 -0.035752807 -0.007238248 0.996809363
1341846325.181925 -0.016545266 -0.159728706 0.096136652 0.067763478 -0.034254067 -0.004952284 0.997100949
1341846325.218055 -0.017236207 -0.153048620 0.098424755 0.064946078 -0.034126502 -0.000726544 0.997304857
1341846325.249811 -0.016541732 -0.139905736 0.108987942 0.062833466 -0.034935150 0.004507361 0.997402251
1341846325.285925 -0.011593191 -0.130277753 0.104947321 0.060315270 -0.035815127 0.007507868 0.997508407
1341846325.317988 0.000901379 -0.135088846 0.106975526 0.057475861 -0.034100674 0.010136873 0.997712910
1341846325.349844 -0.002844948 -0.142095253 0.112574071 0.059620500 -0.029363036 0.012375297 0.997712433
1341846325.387302 -0.001512669 -0.128579050 0.110931374 0.064681634 -0.026786171 0.015224873 0.997430205
1341846325.417931 0.013529350 -0.122417338 0.109958902 0.067480162 -0.022894152 0.018052334 0.997294545
1341846325.450747 0.019537825 -0.130942732 0.103207655 0.071302950 -0.015149195 0.018901197 0.997160554
1341846325.485954 0.008917999 -0.119656414 0.115824990 0.078945890 -0.008491499 0.022089299 0.996598005
1341846325.517875 -0.007817950 -0.095869273 0.127180666 0.085295014 -0.003394788 0.023421576 0.996074736
1341846325.553859 -0.004603775 -0.089248016 0.125629723 0.088297933 -0.000169625 0.023328053 0.995820940
1341846325.585855 -0.012629216 -0.072021477 0.124134786 0.091045752 0.003450603 0.021211473 0.995614827
1341846325.617990 -0.014094036 -0.053295266 0.122130752 0.088371560 0.005166929 0.020115888 0.995871067
1341846325.653982 -0.015235000 -0.069299199 0.130147666 0.084643207 0.006970033 0.017457042 0.996234059
1341846325.685819 -0.016744183 -0.071532175 0.130877897 0.089335918 0.008334194 0.018544689 0.995794058
1341846325.717857 -0.021948412 -0.054873683 0.130193695 0.094349213 0.009681392 0.024847914 0.995181978
1341846325.754083 -0.023512563 -0.056766257 0.131375641 0.096828721 0.009777909 0.029540889 0.994814575
1341846325.786087 -0.020131016 -0.043675687 0.139483348 0.104195297 0.010003051 0.031580728 0.994005024
1341846325.821856 -0.023039479 -0.023742536 0.138044998 0.108725600 0.011984075 0.032830566 0.993457258
1341846325.853827 -0.030461244 -0.017048020 0.139734760 0.109467775 0.012899245 0.036044896 0.993252814
1341846325.885958 -0.038957484 -0.003198647 0.137939975 0.110242188 0.010471621 0.041823186 0.992969275
1341846325.921984 -0.033548478 -0.001280687 0.144427925 0.108963586 0.006302167 0.046301637 0.992946804
1341846325.953899 -0.023265896 0.002242907 0.147242159 0.111801274 0.006107554 0.047976475 0.992553055
1341846325.985823 -0.025910961 0.015392737 0.150682688 0.114827782 0.009030794 0.052152809 0.991974354
1341846326.021991 -0.032431796 0.018512689 0.155898988 0.117577344 0.009549115 0.058096666 0.991316915
1341846326.054055 -0.028100368 0.027119664 0.156759128 0.122067705 0.008612783 0.061407179 0.990582943
1341846326.089984 -0.024036901 0.046790525 0.160730153 0.125246927 0.010259931 0.060370091 0.990234017
1341846326.121822 -0.024193538 0.056541283 0.163195848 0.124757290 0.014323240 0.058625102 0.990350306
1341846326.154079 -0.030349208 0.057980470 0.165879145 0.125003800 0.017154498 0.057024300 0.990367651
1341846326.190178 -0.034857545 0.070336461 0.165445045 0.127625316 0.017021971 0.058835257 0.989929616
1341846326.222162 -0.038582671 0.087788865 0.163666263 0.127350822 0.015447748 0.064746708 0.989621699
1341846326.259181 -0.039166186 0.099694490 0.165184915 0.124359474 0.012807069 0.068551816 0.989783525
1341846326.322766 -0.030378861 0.125260413 0.179649666 0.117212288 0.011408476 0.069154330 0.990630567
1341846326.359773 -0.027626889 0.130135685 0.182441279 0.113211356 0.012710914 0.067397334 0.991200924
1341846326.392109 -0.025636310 0.126851395 0.191474006 0.111794420 0.014464990 0.068303928 0.991275668
1341846326.423985 -0.031384375 0.131969810 0.193112180 0.115879618 0.015586003 0.072969638 0.990456700
1341846326.459869 -0.036518168 0.147600219 0.192859843 0.118284836 0.013361002 0.076806292 0.989914656
1341846326.526163 -0.025014559 0.179945707 0.194863394 0.118598387 0.014494685 0.076077119 0.989917517
1341846326.560211 -0.024825362 0.187227488 0.202413484 0.113416694 0.018227261 0.076213777 0.990452409
1341846326.591828 -0.033974916 0.190245807 0.195797354 0.110250145 0.021493450 0.076916687 0.990690053
1341846326.627027 -0.030462136 0.200615272 0.195974857 0.109945960 0.022800470 0.076065272 0.990760386
1341846326.658442 -0.028214924 0.215486303 0.197249621 0.107901178 0.026327973 0.074820511 0.990992546
1341846326.694856 -0.035487574 0.229216337 0.200299799 0.104412735 0.030281493 0.074555084 0.991273224
1341846326.726206 -0.036583640 0.242540419 0.202248052 0.098597869 0.031416230 0.072788805 0.991964400
1341846326.762753 -0.032453410 0.254808962 0.204050019 0.092778668 0.033722918 0.069782071 0.992665827
1341846326.826821 -0.038703881 0.285479218 0.213643804 0.078225836 0.040164541 0.065107659 0.993996263
1341846326.858887 -0.038082756 0.293533802 0.222471133 0.070138186 0.040747538 0.064786285 0.994596899
1341846326.895360 -0.037507214 0.289140105 0.226013198 0.067328289 0.039775111 0.067308232 0.994663000
1341846326.926897 -0.039845444 0.297217846 0.228210479 0.069466911 0.036018055 0.069410890 0.994514585
1341846326.958888 -0.031211991 0.308367282 0.226278678 0.071787864 0.033038266 0.073094629 0.994189203
1341846326.994594 -0.030152513 0.322547257 0.224349946 0.072743610 0.033573091 0.075029261 0.993957698
1341846327.026301 -0.030368321 0.335889280 0.223183438 0.070605740 0.035062205 0.073522478 0.994172990
1341846327.063945 -0.030011106 0.340815872 0.224223703 0.067419589 0.037314933 0.070526376 0.994529128
1341846327.094662 -0.028823085 0.354530782 0.241738424 0.067818865 0.039604068 0.068008371 0.994588852
1341846327.128901 -0.038531061 0.361396521 0.239263207 0.066906005 0.040810689 0.066015325 0.994736195
1341846327.161940 -0.034597225 0.373647809 0.241394982 0.065984391 0.039297212 0.066136956 0.994850576
1341846327.193867 -0.028330782 0.379072070 0.242322922 0.064661652 0.040145721 0.064431600 0.995015502
1341846327.229885 -0.026329223 0.393233687 0.242749870 0.065978684 0.043240480 0.062869757 0.994899213
1341846327.262014 -0.022832332 0.401149809 0.238075078 0.064589493 0.047640197 0.059101015 0.995020449
1341846327.294023 -0.008584852 0.408051968 0.252220362 0.067941368 0.057042833 0.054237347 0.994579554
1341846327.330015 -0.015500380 0.432914555 0.251465768 0.071787275 0.068446510 0.051507030 0.993734777
1341846327.361939 -0.028266521 0.448286086 0.252233356 0.069144338 0.075153984 0.045953993 0.993709862
1341846327.393887 -0.026460443 0.454879671 0.258209884 0.067066856 0.078238294 0.037581816 0.993966043
1341846327.429966 -0.029771009 0.480404913 0.251268446 0.065283112 0.077486828 0.040619995 0.994024158
1341846327.461965 -0.038061865 0.489049643 0.260119021 0.057243697 0.074219912 0.039208099 0.994825304
1341846327.497931 -0.011231314 0.480128974 0.254068434 0.050034504 0.067870885 0.038025022 0.995712936
1341846327.530068 -0.021429239 0.486236781 0.259630829 0.047667310 0.070101887 0.041010275 0.995555997
1341846327.561895 -0.029141674 0.493645459 0.266538203 0.045623850 0.068633765 0.045471258 0.995560229
1341846327.598010 -0.043759719 0.527258635 0.287462294 0.052294694 0.067923710 0.048208069 0.995152056
1341846327.629945 -0.051558297 0.544762313 0.284156352 0.053319141 0.063838467 0.047999661 0.995378196
1341846327.662003 -0.047812693 0.545502722 0.286275595 0.052164555 0.060023047 0.043981023 0.995862365
1341846327.697919 -0.046727922 0.565538526 0.282960624 0.055571623 0.058911797 0.044723373 0.995711327
1341846327.730075 -0.051404417 0.589316607 0.284974903 0.052090198 0.058365051 0.046285827 0.995860338
1341846327.766017 -0.045310900 0.598511040 0.289464265 0.047499418 0.056694206 0.047369119 0.996135414
1341846327.797917 -0.044628866 0.621701777 0.291937530 0.044467296 0.055925272 0.049917575 0.996194422
1341846327.830054 -0.043081250 0.622822285 0.294923455 0.036954205 0.055261098 0.049923226 0.996538222
1341846327.865944 -0.040664017 0.630038857 0.294079602 0.032848250 0.056368694 0.049445514 0.996643722
1341846327.898010 -0.046022087 0.642546356 0.301667750 0.030623974 0.058119323 0.050719962 0.996549964
1341846327.929991 -0.046738327 0.649797618 0.301460594 0.025979485 0.056555726 0.048515342 0.996881604
1341846327.966065 -0.044047698 0.664289117 0.296258539 0.022067849 0.056399435 0.046132281 0.997097790
1341846327.998073 -0.041072905 0.672907412 0.298131049 0.015616684 0.056965295 0.043293439 0.997314751
1341846328.034045 -0.042715441 0.676398575 0.299184144 0.009360218 0.058048386 0.041276202 0.997416258
1341846328.065993 -0.042843342 0.677031219 0.298652321 0.003607662 0.058879066 0.041339327 0.997402310
1341846328.098045 -0.045029122 0.661143243 0.302400023 0.000940618 0.059749123 0.041863132 0.997334838
1341846328.133967 -0.047423862 0.661840975 0.300313026 0.004441014 0.058825631 0.044901751 0.997248113
1341846328.166023 -0.049068972 0.655853331 0.298424363 0.003492440 0.055867713 0.046109807 0.997366846
1341846328.198018 -0.049175475 0.638762116 0.296082020 0.002074545 0.053176768 0.043227214 0.997646928
1341846328.234044 -0.050364565 0.626765430 0.290652901 0.004818937 0.051921748 0.043524511 0.997690618
1341846328.265899 -0.047992781 0.612541199 0.287899941 0.006037024 0.049490739 0.044536341 0.997762918
1341846328.302051 -0.044111717 0.593322217 0.282318234 0.007686519 0.048946183 0.044600546 0.997775555
1341846328.333917 -0.047983296 0.575048745 0.279813975 0.010551747 0.049814548 0.046389043 0.997624874
1341846328.366008 -0.048168883 0.561038315 0.284861803 0.016268935 0.049228549 0.043937288 0.997687995
1341846328.402010 -0.049167860 0.537253201 0.283025235 0.027284201 0.051530190 0.045387719 0.997266412
1341846328.433920 -0.044140983 0.530204952 0.272991538 0.032457553 0.048627909 0.046771165 0.997193217
1341846328.470003 -0.035872441 0.496570349 0.269049972 0.029992135 0.046768919 0.037829079 0.997738540
1341846328.502194 -0.035718437 0.471335948 0.263325006 0.031782735 0.049398795 0.031750202 0.997768283
1341846328.534033 -0.031840399 0.453659922 0.260515124 0.032747667 0.051854983 0.029257076 0.997688711
1341846328.570125 -0.038846020 0.427319676 0.269995630 0.034018449 0.052923650 0.030773440 0.997544467
1341846328.602804 -0.061979860 0.391959250 0.269259006 0.036755472 0.052171756 0.033626780 0.997394800
1341846328.672663 -0.044088751 0.361055374 0.263137043 0.047876917 0.036677290 0.030220069 0.997722089
1341846328.702975 -0.038015570 0.345079035 0.263059139 0.050857365 0.033046663 0.028263461 0.997758806
1341846328.770129 -0.033230901 0.317406923 0.252895743 0.059655897 0.030307813 0.024601184 0.997455478
1341846328.802331 -0.019890986 0.295026332 0.237032920 0.059630323 0.025009811 0.026174229 0.997563839
1341846328.838051 -0.014630822 0.280297697 0.232876748 0.063471451 0.022676386 0.023083694 0.997458935
1341846328.869939 -0.012439076 0.284680992 0.220732749 0.064328454 0.021280352 0.021786392 0.997464001
1341846328.904486 -0.014223281 0.263908505 0.224704415 0.059376135 0.018512586 0.021599874 0.997830331
1341846328.939814 -0.003470538 0.235585943 0.227764472 0.061301991 0.014561942 0.022558359 0.997758090
1341846328.970217 0.000094960 0.235098779 0.216975257 0.065777048 0.012175715 0.027034368 0.997393787
1341846329.006232 0.000973337 0.221547753 0.217396691 0.066519089 0.010052823 0.030730547 0.997261167
1341846329.038243 0.007106981 0.203670874 0.215589598 0.069905423 0.008858863 0.030567346 0.997045875
1341846329.106125 0.005667733 0.195818305 0.206280500 0.072794385 0.008968445 0.029908881 0.996858060
1341846329.138340 0.007816315 0.178792909 0.204730809 0.073681965 0.007957801 0.028375283 0.996846318
1341846329.169991 0.008224636 0.178007081 0.199267253 0.076112747 0.006939675 0.027228175 0.996703267
1341846329.208656 0.012677779 0.168390080 0.196385726 0.076263383 0.005576435 0.026412193 0.996722281
1341846329.238169 0.015697589 0.167725727 0.191433445 0.075980648 0.004354594 0.026495449 0.996747732
1341846329.273827 0.015270545 0.152133837 0.192972109 0.073711470 0.003541077 0.027318029 0.996899128
1341846329.306052 0.014206825 0.151048467 0.189899996 0.074595995 0.001176333 0.026316011 0.996865928
1341846329.338104 0.020234998 0.151832372 0.186033547 0.071377404 -0.001004939 0.024305783 0.997152686
1341846329.373907 0.018425178 0.127887174 0.187932417 0.067090981 -0.001451869 0.022942740 0.997482002
1341846329.405985 0.018493831 0.114810124 0.179735690 0.068009607 -0.002622641 0.018946797 0.997501314
1341846329.442057 0.019911451 0.113227092 0.177552506 0.067659847 -0.003257773 0.015414798 0.997584045
1341846329.473950 0.016660649 0.097626783 0.176270112 0.066209413 -0.004030420 0.009467593 0.997752666
1341846329.506147 0.016105263 0.094230153 0.171083942 0.066658065 -0.005941261 0.006651295 0.997736037
1341846329.542121 0.013370972 0.081318542 0.170715883 0.064643234 -0.008761682 0.006253598 0.997850418
1341846329.574086 0.017588269 0.062020741 0.168542907 0.066313177 -0.011272294 0.004810134 0.997723579
1341846329.606387 0.019259349 0.063337877 0.163049728 0.069376118 -0.011852765 0.003940229 0.997512400
1341846329.641955 0.013832722 0.060166195 0.159758851 0.069413215 -0.012611954 0.004081999 0.997499943
1341846329.681570 0.011078863 0.047373347 0.162209138 0.068304539 -0.015314617 0.004274917 0.997537792
1341846329.748113 0.021564817 0.042141575 0.153120548 0.070632912 -0.016190089 0.002167164 0.997368634
1341846329.810175 0.017991628 0.015381395 0.154182956 0.068145566 -0.012579026 0.006842085 0.997572601
1341846329.842255 0.015874768 0.006794493 0.153393924 0.069600269 -0.012389543 0.009995705 0.997447968
1341846329.874044 0.014258320 0.001123787 0.150358975 0.071474247 -0.012247643 0.013107685 0.997281134
1341846329.910073 0.013871700 0.005885669 0.146549419 0.072152056 -0.012665585 0.015236526 0.997196853
1341846329.942009 0.012275432 0.003801948 0.146261662 0.067650467 -0.012994600 0.020375390 0.997416377
1341846329.978087 0.012805554 -0.021059757 0.148738265 0.064852931 -0.013463045 0.022018064 0.997561097
1341846330.016305 0.018249249 -0.012081635 0.142917678 0.067364089 -0.012783953 0.019833179 0.997449458
1341846330.048192 0.012601664 -0.006936310 0.140806541 0.063732021 -0.011159469 0.021177774 0.997679949
1341846330.080418 0.014386982 -0.028684929 0.144381821 0.058795165 -0.011473823 0.023446063 0.997928739
1341846330.115886 0.015374992 -0.044839080 0.143041998 0.060979910 -0.009975842 0.023978986 0.997801065
1341846330.147839 0.007936172 -0.026722426 0.135817826 0.064512506 -0.009237614 0.025704527 0.997543037
1341846330.181257 0.010753670 -0.016096419 0.134345397 0.059971262 -0.010238075 0.028896790 0.997729242
1341846330.215852 0.011497750 -0.031180505 0.138263255 0.053364046 -0.009219760 0.028312698 0.998131096
1341846330.247833 0.004886897 -0.036533523 0.136433139 0.051545605 -0.008152169 0.026966073 0.998273253
1341846330.283913 0.004013208 -0.023393471 0.132037669 0.048594095 -0.008903423 0.027826596 0.998391271
1341846330.316011 0.000818756 -0.039907705 0.137522772 0.041056849 -0.009503875 0.026933128 0.998748541
1341846330.347868 0.000161558 -0.048937079 0.135761589 0.038655672 -0.011212762 0.026294213 0.998843670
1341846330.383835 0.004603272 -0.050314255 0.136159495 0.036942963 -0.011980880 0.026941763 0.998882294
1341846330.415934 0.003669454 -0.065888330 0.139338687 0.035841536 -0.011024503 0.025235550 0.998977959
1341846330.452561 -0.001190861 -0.066091791 0.134483010 0.038793910 -0.011267403 0.024138121 0.998892128
1341846330.483903 -0.004774067 -0.061336663 0.130269498 0.039168660 -0.012920594 0.026630178 0.998794198
1341846330.515970 -0.004539837 -0.070052110 0.130202219 0.037412420 -0.015261398 0.029970599 0.998733759
1341846330.552099 -0.002202188 -0.072915718 0.128516123 0.038780127 -0.016760925 0.032290448 0.998585284
1341846330.583876 -0.004907695 -0.064439662 0.122440889 0.038615350 -0.016853478 0.032625422 0.998579264
1341846330.619992 -0.009940580 -0.058904786 0.112873174 0.034052592 -0.017702583 0.031280596 0.998773515
1341846330.652136 -0.009499897 -0.061206359 0.118863739 0.027934063 -0.019356959 0.029926253 0.998974204
1341846330.683796 -0.012276332 -0.065954663 0.115801007 0.023232667 -0.019106304 0.029035136 0.999125719
1341846330.719991 -0.018743338 -0.078746505 0.113248773 0.020353800 -0.020925438 0.030087583 0.999120951
1341846330.752103 -0.021270044 -0.083205998 0.107508145 0.021980623 -0.024994919 0.034144159 0.998862565
1341846330.787952 -0.027672863 -0.075775109 0.102177516 0.023454621 -0.029196156 0.037552908 0.998592675
1341846330.819823 -0.023802185 -0.075366780 0.103078485 0.023167899 -0.033943087 0.038558334 0.998411000
1341846330.852208 -0.023662379 -0.067320302 0.097651541 0.023162127 -0.035639979 0.039354056 0.998320937
1341846330.914111 -0.026964802 -0.056460183 0.094479188 0.014323940 -0.038875435 0.039073717 0.998377085
1341846330.949903 -0.032069549 -0.070643015 0.092739038 0.010511735 -0.039660607 0.039449438 0.998378873
1341846330.981986 -0.041271333 -0.071134955 0.083772607 0.011248167 -0.043547589 0.040100168 0.998182893
1341846331.014111 -0.035376456 -0.065922998 0.076309532 0.010996298 -0.048081305 0.040635053 0.997955978
1341846331.082139 -0.038003869 -0.069299728 0.071995296 0.012586631 -0.050766863 0.037464768 0.997928202
1341846331.114334 -0.040491886 -0.065342948 0.069203183 0.012650101 -0.052738164 0.036694560 0.997853816
1341846331.149989 -0.037574545 -0.073196851 0.072978154 0.012652439 -0.053914782 0.035676308 0.997827888
1341846331.181954 -0.041815661 -0.073485591 0.067456268 0.015859973 -0.053947229 0.034321655 0.997827768
1341846331.218151 -0.049862698 -0.059181135 0.058779642 0.016323615 -0.056473684 0.034799691 0.997663915
1341846331.249914 -0.035025094 -0.070708558 0.070411220 0.013386537 -0.059367117 0.034316972 0.997556388
1341846331.318141 -0.031055644 -0.066288352 0.077259712 0.024361392 -0.049926650 0.030178344 0.997999609
1341846331.349926 -0.025565924 -0.064179875 0.081876658 0.023403594 -0.047651410 0.029047264 0.998167336
1341846331.382003 0.007605927 -0.090919934 0.086520664 0.023704471 -0.043877129 0.028535578 0.998347998
1341846331.418008 -0.003755031 -0.080578752 0.088275015 0.031198051 -0.033615563 0.027968580 0.998556256
1341846331.450327 -0.011295872 -0.071112335 0.093495682 0.033641856 -0.028056685 0.028883927 0.998622417
1341846331.486219 -0.021251848 -0.064830884 0.096939310 0.034030426 -0.025291452 0.029254239 0.998672366
1341846331.518344 -0.009282701 -0.066886492 0.105963357 0.032690927 -0.025354767 0.028178981 0.998746514
1341846331.550202 -0.004194519 -0.074995585 0.113000654 0.034381017 -0.021131864 0.027103214 0.998817801
1341846331.586139 -0.016363828 -0.060917586 0.113201641 0.037465964 -0.018733418 0.026830221 0.998762012
1341846331.617931 -0.014410909 -0.053835083 0.125659615 0.037781138 -0.017880056 0.027330829 0.998752177
1341846331.654027 -0.004982631 -0.062373552 0.138369992 0.037730172 -0.015765671 0.028112590 0.998768032
1341846331.686123 -0.014581393 -0.050604701 0.137437358 0.040678110 -0.012205999 0.029204831 0.998670816
1341846331.717954 -0.018672474 -0.040610809 0.145248786 0.037993032 -0.013135565 0.029245920 0.998763621
1341846331.754076 -0.006155870 -0.053732652 0.163117170 0.035048984 -0.013439841 0.028589703 0.998886168
1341846331.785920 -0.007161701 -0.054055013 0.171864301 0.037909947 -0.010396311 0.027149415 0.998858273
1341846331.818053 -0.011206813 -0.041699048 0.178726539 0.039084140 -0.008482292 0.027192909 0.998829842
1341846331.853849 -0.008214592 -0.049190827 0.194647297 0.037399199 -0.008293170 0.026762506 0.998907566
1341846331.885987 -0.000827492 -0.051304657 0.204593062 0.040051121 -0.006223349 0.024698334 0.998872995
1341846331.922014 -0.003159837 -0.043959633 0.209583968 0.042322591 -0.002751190 0.023007477 0.998835266
1341846331.954037 0.003411196 -0.044856422 0.221990928 0.041991349 -0.000410634 0.023785010 0.998834729
1341846331.986135 0.011121103 -0.055694994 0.235980347 0.043673251 0.004475157 0.024926538 0.998724878
1341846332.022364 0.000965367 -0.062194895 0.247364551 0.049626630 0.009856691 0.025211401 0.998400986
1341846332.054175 -0.003872298 -0.055084631 0.256217211 0.056289848 0.010234383 0.027120547 0.997993648
1341846332.086502 0.000206126 -0.050476678 0.268394321 0.059318300 0.010030402 0.028826512 0.997772455
1341846332.122051 -0.005612765 -0.042422261 0.289360285 0.062050618 0.011866919 0.027856400 0.997613609
1341846332.153983 -0.012358138 -0.028839683 0.293490380 0.060952555 0.012126120 0.024739191 0.997760355
1341846332.190165 -0.014009703 -0.028080260 0.309396923 0.054848377 0.010656998 0.022901898 0.998175204
1341846332.254145 -0.009478480 -0.051246990 0.337130845 0.053161390 0.010137543 0.022265682 0.998286247
1341846332.289948 -0.012556742 -0.046890989 0.349004865 0.055271361 0.010103763 0.023725066 0.998138309
1341846332.322172 -0.012492910 -0.048823822 0.361705095 0.055883478 0.009668817 0.025614984 0.998061836
1341846332.354003 -0.004315805 -0.052791227 0.368742108 0.058249425 0.010934223 0.023194458 0.997972727
1341846332.390180 -0.005080910 -0.038801774 0.375647634 0.060780559 0.015510812 0.019815521 0.997833967
1341846332.422055 -0.009677546 -0.033917293 0.390309840 0.058982342 0.018151267 0.017148176 0.997946680
1341846332.458114 -0.002896726 -0.040998243 0.397474080 0.057802446 0.019721922 0.013957051 0.998035610
1341846332.489993 -0.012332086 -0.034865633 0.410495669 0.059276201 0.022115463 0.015109269 0.997882307
1341846332.522130 -0.019691611 -0.030638361 0.419978142 0.058878478 0.018733243 0.020801531 0.997872591
1341846332.558114 -0.015242008 -0.034016598 0.427891165 0.058682989 0.013084004 0.027725466 0.997805834
1341846332.589874 -0.004783047 -0.024211202 0.429088712 0.058951832 0.009620002 0.032039288 0.997700155
1341846332.621889 -0.002933219 -0.017256325 0.436388701 0.054996725 0.009578709 0.033545144 0.997876942
1341846332.658202 0.002676621 -0.022814505 0.448240578 0.050735474 0.009703607 0.032958899 0.998120964
1341846332.690001 0.001418663 -0.020504221 0.453199118 0.048791967 0.010711900 0.033653583 0.998184383
1341846332.726000 -0.005592000 -0.021352954 0.477461368 0.047797367 0.010817419 0.037351165 0.998099864
1341846332.758386 0.000344757 -0.019441510 0.487126738 0.048604332 0.007918913 0.038784191 0.998033464
1341846332.789937 0.009875072 -0.010886208 0.493738592 0.048281137 0.008232303 0.037040219 0.998112857
1341846332.825925 0.010901451 -0.013185108 0.506855667 0.045759309 0.010695886 0.035787612 0.998254001
1341846332.857898 0.012100806 -0.014598812 0.516144514 0.046436846 0.011917582 0.035149883 0.998231530
1341846332.894069 0.011552886 -0.002084626 0.522415936 0.046996266 0.012067908 0.034797300 0.998215854
1341846332.926029 0.018539714 0.002816928 0.531250596 0.043778084 0.012014112 0.032856964 0.998428583
1341846332.958015 0.023024643 0.003314682 0.540909052 0.040825352 0.013967087 0.030652506 0.998598397
1341846332.994073 0.024563199 0.006585169 0.548157454 0.038112774 0.015189595 0.029248225 0.998729825
1341846333.026545 0.029976141 0.007852999 0.564234972 0.036028706 0.016182717 0.027400473 0.998844028
1341846333.057998 0.036682099 0.008128296 0.570029974 0.034876071 0.017935881 0.027449125 0.998853683
1341846333.094024 0.037371904 0.007308176 0.577606142 0.035037458 0.019687928 0.031069269 0.998708904
1341846333.126095 0.042924825 0.011758499 0.583256423 0.035909470 0.021042859 0.033161782 0.998583019
1341846333.161973 0.049432874 0.020680079 0.577629387 0.035150085 0.022883268 0.034598738 0.998520792
1341846333.195660 0.050565958 0.021536883 0.589962184 0.032630861 0.024866892 0.036685973 0.998484433
1341846333.226331 0.050546050 0.023419611 0.593693078 0.031334609 0.025832783 0.035687629 0.998537600
1341846333.262056 0.052902181 0.029491626 0.595962524 0.028430466 0.026029117 0.034029946 0.998677254
1341846333.294147 0.052228134 0.026556000 0.605796456 0.024746183 0.026200287 0.032962356 0.998806655
1341846333.326100 0.054563642 0.028382039 0.608150959 0.023169335 0.024744695 0.031374175 0.998932719
1341846333.362100 0.060152289 0.036836606 0.606670141 0.020751173 0.023237163 0.029964240 0.999065340
1341846333.394119 0.059264809 0.029194444 0.614649951 0.016777242 0.022543715 0.029873921 0.999158621
1341846333.429974 0.066800654 0.028225660 0.608350396 0.015864385 0.019197054 0.030678367 0.999219000
1341846333.462115 0.064658321 0.026972661 0.617252707 0.015495706 0.020619217 0.028628739 0.999257326
1341846333.494040 0.066860013 0.031353004 0.619221210 0.017260667 0.021230333 0.027235502 0.999254525
1341846333.529953 0.070365421 0.031278793 0.619468391 0.018035773 0.022172162 0.027144404 0.999222875
1341846333.562063 0.066082783 0.034179248 0.621048808 0.019148408 0.025028560 0.028679976 0.999091744
1341846333.594090 0.059437525 0.037126090 0.620782375 0.017680561 0.024992578 0.029211627 0.999104321
1341846333.629994 0.060572177 0.037828755 0.620542824 0.014047106 0.022284787 0.028459979 0.999247849
1341846333.662127 0.068250746 0.035065573 0.620571256 0.010457918 0.019933760 0.028080350 0.999352217
1341846333.697964 0.067213833 0.024595127 0.621453643 0.007249357 0.020249221 0.029076574 0.999345779
1341846333.730092 0.063749880 0.021994278 0.619403005 0.009581544 0.021114508 0.029806660 0.999286711
1341846333.762089 0.062508568 0.030502291 0.611983716 0.012939204 0.022059370 0.031199731 0.999185979
1341846333.798006 0.060329314 0.023536582 0.608427584 0.013173671 0.022884738 0.030588163 0.999183297
1341846333.830055 0.061441410 0.023631329 0.604064286 0.015765859 0.023818711 0.028682113 0.999180436
1341846333.866045 0.056059528 0.024022205 0.599963009 0.016902694 0.025706701 0.027235750 0.999155521
1341846333.897987 0.053915512 0.019925924 0.596382499 0.018260011 0.025851486 0.026179790 0.999156177
1341846333.930099 0.054209802 0.018324608 0.591085374 0.021188691 0.026500244 0.025260162 0.999105036
1341846333.965889 0.050426427 0.018649491 0.584960103 0.023516266 0.027813915 0.024962662 0.999024630
1341846333.997985 0.050718091 0.013741358 0.579258442 0.025744282 0.028613878 0.024820480 0.998950720
1341846334.030076 0.048476215 0.017522098 0.571813464 0.029384259 0.029789325 0.025923816 0.998787820
1341846334.066000 0.044289626 0.017269548 0.565030277 0.031406965 0.029938113 0.027200362 0.998687863
1341846334.097932 0.044977013 0.017234493 0.558901429 0.033434052 0.029610593 0.026846161 0.998641431
1341846334.133884 0.040325768 0.017620649 0.552326977 0.035020538 0.030951502 0.027080402 0.998540103
1341846334.166115 0.033786174 0.018528203 0.545377851 0.035454802 0.030121060 0.027789887 0.998530626
1341846334.198072 0.033942491 0.016443888 0.538508594 0.035709526 0.028278425 0.027069530 0.998595238
1341846334.234097 0.036171619 0.017900662 0.530836105 0.036171231 0.028473949 0.025899323 0.998604119
1341846334.266045 0.027989203 0.013998499 0.527213097 0.035902563 0.030662116 0.026231008 0.998540342
1341846334.297946 0.019256657 0.016376516 0.524353921 0.037554964 0.029678416 0.027807474 0.998466611
1341846334.334036 0.018496789 0.019009709 0.516441524 0.038293857 0.028063616 0.028290279 0.998471737
1341846334.365871 0.021500576 0.016888728 0.499917388 0.037119944 0.027823361 0.026489159 0.998572171
1341846334.401845 0.018688820 0.016118567 0.494469792 0.035844717 0.028671758 0.025192866 0.998628318
1341846334.433864 0.008417896 0.010615533 0.487919778 0.035544295 0.028584268 0.025634099 0.998630345
1341846334.466105 0.009866614 0.014356505 0.477207303 0.036581222 0.026621208 0.026511185 0.998624265
1341846334.502142 0.004428276 0.016017264 0.470638514 0.035475940 0.025618427 0.027414115 0.998665988
1341846334.540153 0.003827735 0.013785606 0.463468701 0.034798477 0.024214748 0.026243690 0.998756230
1341846334.602351 -0.008589616 0.021506466 0.445546329 0.030642251 0.021185730 0.019119307 0.999122977
1341846334.670161 -0.012111214 0.016210094 0.430346757 0.025433879 0.018551584 0.012300394 0.999428689
1341846334.702085 -0.021696413 0.012512013 0.423527509 0.024156788 0.017162563 0.012222585 0.999486148
1341846334.734751 -0.021860722 0.011273467 0.414611518 0.024149688 0.014208523 0.014047978 0.999508679
1341846334.770889 -0.024886290 0.010882972 0.404125750 0.024093509 0.012761519 0.016826969 0.999486685
1341846334.802194 -0.030021923 0.012069172 0.393151700 0.023756515 0.010466550 0.017803168 0.999504507
1341846334.833908 -0.027144020 0.013233978 0.382464945 0.023310097 0.008390334 0.016450807 0.999557793
1341846334.869874 -0.034011077 0.015379364 0.376797795 0.021915866 0.008328749 0.015906643 0.999598563
1341846334.902006 -0.041452367 0.012493876 0.364138156 0.020134529 0.007248074 0.016177248 0.999640167
1341846334.938010 -0.043349069 0.011898730 0.355691642 0.019751575 0.004035206 0.015531492 0.999676168
1341846334.970032 -0.039229646 0.010315639 0.349336237 0.019611422 0.002674216 0.014862270 0.999693632
1341846335.002203 -0.044879716 0.003936739 0.342398226 0.020475570 0.003148296 0.016604064 0.999647558
1341846335.037880 -0.051134910 0.007003579 0.324256897 0.023304207 0.000530998 0.018711191 0.999553204
1341846335.069990 -0.047742788 0.011620249 0.316660076 0.024012538 -0.002661335 0.018518653 0.999536633
1341846335.106038 -0.043229584 0.009016066 0.311607987 0.024262598 -0.002327977 0.016715311 0.999563158
1341846335.138045 -0.049275655 0.009120880 0.301084250 0.025947176 -0.000924321 0.016637443 0.999524474
1341846335.169900 -0.058243997 0.012930377 0.284683913 0.026449289 -0.002844966 0.016306831 0.999513090
1341846335.206091 -0.054473396 0.011997856 0.276403755 0.025651157 -0.005155754 0.013832302 0.999561965
1341846335.239365 -0.051129386 0.007439845 0.267922491 0.025274351 -0.004559368 0.011696181 0.999601722
1341846335.269948 -0.057118315 0.005072356 0.256769359 0.026703330 -0.002892743 0.010469966 0.999584436
1341846335.305972 -0.060924701 0.003067516 0.243630320 0.028306093 -0.004399767 0.011446446 0.999524057
1341846335.338012 -0.059732627 0.003381280 0.241120428 0.029975262 -0.006071533 0.013090401 0.999446511
1341846335.374005 -0.055122111 -0.005099363 0.238630816 0.033641126 -0.004846113 0.014106361 0.999322653
1341846335.406025 -0.060871612 -0.004735556 0.238847554 0.040218178 -0.002449149 0.016276425 0.999055386
1341846335.438079 -0.060518518 0.003196032 0.213661045 0.046083193 -0.001385399 0.018932724 0.998757303
1341846335.473998 -0.059738964 0.007668023 0.201018974 0.048509948 0.000241147 0.019265626 0.998636901
1341846335.507038 -0.059197646 0.011925189 0.185106933 0.049684394 0.003172170 0.018287102 0.998592496
1341846335.538040 -0.063501962 0.017860273 0.175769433 0.049377143 0.005593657 0.016327560 0.998631120
1341846335.574119 -0.070702031 0.020967744 0.165556461 0.047000870 0.005993319 0.016555894 0.998739660
1341846335.605970 -0.069882281 0.014083513 0.160589710 0.045086574 0.005040020 0.015930202 0.998843372
1341846335.641978 -0.065432288 0.015931519 0.149528161 0.046444252 0.005730275 0.013455448 0.998813868
1341846335.673993 -0.071563005 0.018636657 0.137713492 0.046280686 0.006830429 0.013122526 0.998818934
1341846335.706178 -0.074356966 0.017547267 0.128273621 0.045641381 0.005479663 0.014023738 0.998844445
1341846335.741982 -0.071087517 0.016274905 0.118160650 0.046126138 0.004962729 0.013328564 0.998834431
1341846335.773960 -0.075263157 0.022654288 0.107301593 0.046737131 0.005839974 0.012340566 0.998813987
1341846335.806271 -0.075994477 0.028047482 0.094994985 0.045003030 0.005126028 0.012778425 0.998891950
1341846335.842031 -0.074966848 0.018994091 0.087300725 0.042057864 0.005630222 0.013329929 0.999010384
1341846335.873966 -0.078116819 0.019355539 0.075367071 0.043100849 0.007398992 0.012275813 0.998967946
1341846335.910005 -0.085134551 0.023273870 0.058149409 0.042739656 0.007850914 0.013931484 0.998958290
1341846335.941936 -0.088367313 0.024201863 0.049183618 0.041833840 0.005958022 0.014749395 0.998997927
1341846335.974198 -0.086673662 0.024061797 0.040685069 0.041591711 0.004871211 0.012984791 0.999038458
1341846336.010032 -0.090547085 0.024850115 0.028891450 0.041421946 0.005023756 0.011506999 0.999062896
1341846336.042129 -0.096673921 0.025712956 0.017257702 0.040607054 0.003989195 0.011820942 0.999097288
1341846336.078076 -0.097509831 0.022513125 0.008922840 0.040391736 0.002054004 0.011224497 0.999118745
1341846336.110739 -0.094156958 0.023611439 0.002152593 0.040932570 0.001389057 0.010043863 0.999110520
1341846336.142002 -0.103531167 0.022779219 -0.006770788 0.040742468 0.001865102 0.010874953 0.999108791
1341846336.183953 -0.108200818 0.026662407 -0.017700642 0.040651180 -0.000606235 0.011823756 0.999103308
1341846336.241891 -0.105206750 0.026626540 -0.025822638 0.038625635 -0.001895056 0.011693419 0.999183595
1341846336.277946 -0.111269206 0.019677956 -0.042806588 0.038486712 -0.001106582 0.013498004 0.999167323
1341846336.309977 -0.117319092 0.020151209 -0.044421848 0.041273210 -0.003468154 0.016242845 0.999009907
1341846336.346143 -0.116747692 0.026531585 -0.053731833 0.043539483 -0.004915819 0.017178142 0.998891950
1341846336.377975 -0.117623411 0.026135404 -0.058120709 0.044247128 -0.004623614 0.016687559 0.998870611
1341846336.410032 -0.120079085 0.028764861 -0.071565859 0.045325026 -0.003833634 0.016553538 0.998827815
1341846336.446041 -0.123844184 0.033115942 -0.083945855 0.045108151 -0.004071305 0.016105562 0.998844028
1341846336.477990 -0.122993812 0.030093672 -0.087516814 0.043946505 -0.004184688 0.015536232 0.998904347
1341846336.510056 -0.124466151 0.029294435 -0.090374857 0.044156425 -0.003669187 0.016595099 0.998880088
1341846336.546024 -0.125219584 0.030301929 -0.097275406 0.045296621 -0.003710175 0.018339900 0.998798370
1341846336.578003 -0.128274947 0.037919026 -0.107334003 0.045452196 -0.003949737 0.020019012 0.998758078
1341846336.614020 -0.124227375 0.038199507 -0.110584736 0.044789724 -0.003697762 0.019275460 0.998803616
1341846336.645982 -0.130577087 0.043117322 -0.119749635 0.043936554 -0.001949032 0.018514611 0.998860896
1341846336.678036 -0.140160531 0.038221646 -0.120856330 0.041811861 -0.003349516 0.018920025 0.998940766
1341846336.714024 -0.137163803 0.030763004 -0.121627130 0.042912234 -0.006078175 0.019029057 0.998879194
1341846336.746016 -0.142353058 0.027685098 -0.129378185 0.046493251 -0.007975901 0.020772625 0.998670816
1341846336.778014 -0.147644043 0.035447624 -0.141276926 0.049598899 -0.011623577 0.024210325 0.998408079
1341846336.820006 -0.147076800 0.040791225 -0.145287871 0.050468966 -0.015465459 0.026261279 0.998260558
1341846336.882056 -0.155780330 0.036773000 -0.160783395 0.052919514 -0.016912794 0.024551032 0.998153687
1341846336.914273 -0.163747951 0.027862420 -0.158130124 0.054847557 -0.021085849 0.026506359 0.997920156
1341846336.945998 -0.166761413 0.027007574 -0.160358921 0.061075754 -0.026796669 0.027378934 0.997397721
1341846336.981980 -0.160538599 0.048071545 -0.183952376 0.065014891 -0.031269778 0.026688620 0.997037113
1341846337.014238 -0.159535095 0.054585252 -0.185777932 0.062314551 -0.034220584 0.024875429 0.997159541
1341846337.046017 -0.158147335 0.049878247 -0.176309749 0.059760056 -0.035736062 0.020865653 0.997354686
1341846337.082104 -0.161733717 0.049471390 -0.194104299 0.059089061 -0.035567969 0.016924357 0.997475326
1341846337.114317 -0.164682880 0.049970597 -0.199739069 0.057239849 -0.037751913 0.016569307 0.997508883
1341846337.150037 -0.161130950 0.049973417 -0.200952008 0.055658542 -0.039840404 0.015524639 0.997533917
1341846337.181873 -0.153911367 0.048714682 -0.205611452 0.055111680 -0.040017389 0.012471068 0.997600079
1341846337.214073 -0.156413868 0.052592982 -0.214454427 0.052951649 -0.038303994 0.009942415 0.997812748
1341846337.250087 -0.170387343 0.042458404 -0.205681771 0.050010826 -0.039783768 0.012067727 0.997883081
1341846337.282028 -0.172529027 0.041837554 -0.204291224 0.051439937 -0.043615814 0.014707747 0.997614861
1341846337.317920 -0.162462950 0.048503328 -0.201611206 0.051407807 -0.045864817 0.015820879 0.997498572
1341846337.350018 -0.160461336 0.052717667 -0.217474729 0.049828313 -0.045247246 0.015686220 0.997609079
1341846337.382159 -0.159376785 0.047421824 -0.209156469 0.046865821 -0.045171030 0.013884503 0.997782826
1341846337.417941 -0.167258233 0.038758203 -0.207979903 0.047218300 -0.044114780 0.013891269 0.997813344
1341846337.450137 -0.166580006 0.046422802 -0.222755328 0.048169635 -0.045915987 0.015019356 0.997670233
1341846337.482096 -0.164740056 0.044142824 -0.215919599 0.046566930 -0.046477992 0.016025908 0.997704625
1341846337.518008 -0.166070968 0.038717534 -0.217722535 0.047192246 -0.046792924 0.016185353 0.997658014
1341846337.549978 -0.161762118 0.049860369 -0.225846693 0.047995381 -0.047685508 0.014390413 0.997604847
1341846337.585971 -0.167156965 0.050089587 -0.227285683 0.045286339 -0.047644503 0.013071293 0.997751653
1341846337.617903 -0.162731946 0.033340320 -0.228046149 0.045461114 -0.048510123 0.013698215 0.997693539
1341846337.650141 -0.163986757 0.047766160 -0.230325818 0.048837595 -0.048679836 0.012890107 0.997536540
1341846337.686352 -0.163222879 0.053464361 -0.229964137 0.047285803 -0.048508588 0.013233801 0.997615099
1341846337.718002 -0.159927130 0.047859263 -0.222818255 0.045135938 -0.048323154 0.013478787 0.997720420
1341846337.749920 -0.156585082 0.052581936 -0.219400927 0.045202818 -0.046612967 0.012930593 0.997805953
1341846337.786157 -0.158268765 0.058913030 -0.216522470 0.042492382 -0.043786202 0.012940885 0.998053014
1341846337.817945 -0.156686261 0.050772499 -0.209293827 0.039544150 -0.041750148 0.014430555 0.998241007
1341846337.854071 -0.153129399 0.058005553 -0.205254570 0.038850926 -0.038695931 0.014006150 0.998397291
1341846337.885951 -0.157580361 0.060521781 -0.203187376 0.035847124 -0.035725508 0.011557188 0.998651683
1341846337.918223 -0.153447643 0.060267016 -0.195321992 0.031561423 -0.034737296 0.009167372 0.998855948
1341846337.954120 -0.154138118 0.055600412 -0.189585596 0.029003501 -0.033193875 0.008550135 0.998991489
1341846337.985994 -0.148708075 0.067278467 -0.179411545 0.026873505 -0.032852728 0.009506733 0.999053597
1341846338.018107 -0.146766603 0.060780734 -0.172995806 0.023066731 -0.031289827 0.010751620 0.999186337
1341846338.054055 -0.141633287 0.066028468 -0.167840421 0.020985860 -0.030158039 0.010016886 0.999274671
1341846338.085986 -0.136020437 0.065756693 -0.158349022 0.017551651 -0.027371764 0.009976740 0.999421418
1341846338.121875 -0.138978451 0.060518727 -0.152187854 0.015367305 -0.024768304 0.011348158 0.999510765
1341846338.154089 -0.140594825 0.060543440 -0.147288442 0.014531592 -0.024003724 0.014292795 0.999504089
1341846338.186029 -0.138105720 0.062747650 -0.139843136 0.013488135 -0.024620565 0.017088864 0.999459863
1341846338.222071 -0.130061314 0.066614211 -0.129206479 0.012426672 -0.023954676 0.016997840 0.999491334
1341846338.254107 -0.135333598 0.062725104 -0.118389003 0.010383529 -0.021579029 0.016939627 0.999569714
1341846338.290130 -0.135183260 0.057474487 -0.106547281 0.010617262 -0.021616286 0.018467689 0.999539375
1341846338.321952 -0.131376803 0.065582082 -0.100161716 0.010986522 -0.020846503 0.020460047 0.999512970
1341846338.354022 -0.130024582 0.062569201 -0.092074208 0.010117744 -0.020278372 0.020933291 0.999523997
1341846338.389969 -0.128700837 0.068735398 -0.086257808 0.010076874 -0.019361727 0.021174505 0.999537528
1341846338.422377 -0.129401997 0.066720113 -0.076489255 0.008068684 -0.018901287 0.021281399 0.999562263
1341846338.454010 -0.129063874 0.068930492 -0.068240501 0.007257415 -0.019201010 0.019880451 0.999591649
1341846338.489894 -0.126286671 0.066826008 -0.055625241 0.005401119 -0.019833663 0.020521555 0.999578059
1341846338.522066 -0.121576525 0.063396700 -0.043302748 0.005910771 -0.019914070 0.020622563 0.999571562
1341846338.558058 -0.122233637 0.072190404 -0.042079967 0.005812129 -0.019652890 0.019472852 0.999600351
1341846338.589842 -0.117586091 0.068282977 -0.029042706 0.003259227 -0.020330360 0.019722020 0.999593496
1341846338.622019 -0.112578012 0.065883361 -0.014076235 0.003975180 -0.019610833 0.020784685 0.999583781
1341846338.657984 -0.117308147 0.073724464 -0.013100491 0.004836105 -0.019176664 0.022205098 0.999557853
1341846338.690198 -0.110406637 0.077300824 0.001038686 0.003027797 -0.020525359 0.022257669 0.999536991
1341846338.722454 -0.105170153 0.069832303 0.015430550 0.001816179 -0.019667583 0.022419456 0.999553561
1341846338.757945 -0.111188300 0.077765957 0.018156916 0.002588850 -0.018983109 0.023582520 0.999538302
1341846338.790039 -0.110140145 0.076940238 0.033156816 0.000030240 -0.021273170 0.024832226 0.999465287
1341846338.826048 -0.100992613 0.076708734 0.050749939 0.000702787 -0.021005716 0.023484360 0.999503255
1341846338.858027 -0.107520357 0.083466493 0.051299937 0.001093202 -0.018675003 0.021836111 0.999586582
1341846338.889902 -0.106059544 0.085128918 0.063319325 -0.001397641 -0.019689387 0.021553734 0.999572873
1341846338.925948 -0.096533470 0.081607461 0.080730058 -0.002264184 -0.019774275 0.020345757 0.999594867
1341846338.958108 -0.096581236 0.081749551 0.088152923 -0.001982227 -0.017584059 0.018971235 0.999663472
1341846338.990057 -0.094987497 0.078804888 0.097414389 -0.001980638 -0.017573381 0.020039508 0.999642849
1341846339.025928 -0.086542964 0.076355867 0.112868056 -0.000085077 -0.017357944 0.020984655 0.999629140
1341846339.057939 -0.087626353 0.082874320 0.117294423 0.003041789 -0.014611567 0.020429386 0.999679923
1341846339.093927 -0.093938835 0.092581205 0.116728805 0.002508305 -0.014388572 0.020827185 0.999676406
1341846339.126562 -0.083680913 0.094348118 0.145553827 -0.000669474 -0.016424857 0.020345569 0.999657869
1341846339.157969 -0.075986750 0.093461864 0.161211580 -0.003273785 -0.014272132 0.018722728 0.999717534
1341846339.194113 -0.082884386 0.097168922 0.161966234 -0.004896587 -0.012355544 0.019482322 0.999721885
1341846339.228165 -0.080099337 0.102029830 0.172674596 -0.008026876 -0.014551928 0.021883657 0.999622464
1341846339.257998 -0.067372084 0.098638199 0.195202917 -0.010930088 -0.015092492 0.022787277 0.999566674
1341846339.294132 -0.067946434 0.100831896 0.197517946 -0.010943878 -0.012295378 0.023511758 0.999588132
1341846339.326577 -0.073102981 0.105501711 0.194113106 -0.014781204 -0.013634137 0.027268110 0.999425888
1341846339.362269 -0.061873306 0.104658723 0.217136025 -0.019100524 -0.016935281 0.025531951 0.999348044
1341846339.394725 -0.055424266 0.103785120 0.223389044 -0.020031283 -0.015395428 0.024687618 0.999375939
1341846339.462186 -0.051806748 0.102159709 0.245176375 -0.023851583 -0.016223341 0.024528718 0.999282837
1341846339.496743 -0.040710375 0.099808760 0.259550959 -0.021432020 -0.013487038 0.022483883 0.999426484
1341846339.562052 -0.043716401 0.097136416 0.273409337 -0.020430313 -0.009698966 0.024263432 0.999449790
1341846339.595122 -0.034935564 0.101444818 0.284822285 -0.017774658 -0.009729360 0.023507612 0.999518275
1341846339.632085 -0.031181799 0.103085466 0.292861670 -0.016357578 -0.006171806 0.021456860 0.999616921
1341846339.664568 -0.029540040 0.102150962 0.298430979 -0.016354894 -0.003257319 0.019251160 0.999675632
1341846339.698896 -0.028940098 0.098981723 0.305894047 -0.016841242 -0.001979757 0.018428255 0.999686420
1341846339.731977 -0.024511572 0.098662414 0.315293968 -0.016608814 -0.002025388 0.017073253 0.999714255
1341846339.762241 -0.020982821 0.099452339 0.322686553 -0.015899936 -0.000768264 0.016656134 0.999734581
1341846339.797873 -0.022514582 0.096856251 0.323128581 -0.016187754 0.000132506 0.017366122 0.999718189
1341846339.830245 -0.015077637 0.097707815 0.338699102 -0.016316811 -0.001097158 0.018188566 0.999700844
1341846339.862015 -0.010053542 0.099694245 0.345138490 -0.016615687 -0.001306610 0.018146310 0.999696434
1341846339.897797 -0.005301566 0.097965360 0.353472948 -0.017780302 -0.000430903 0.017616512 0.999686599
1341846339.929916 -0.005813234 0.093834467 0.362734735 -0.018335467 0.000946850 0.018883964 0.999653161
1341846339.961960 -0.003535423 0.091221415 0.369511902 -0.017318970 0.000211836 0.020012764 0.999649763
1341846339.997845 0.003198489 0.093302637 0.372823954 -0.015641140 0.000911469 0.020198775 0.999673247
1341846340.029925 0.004642903 0.090800188 0.381082952 -0.015026965 0.003381303 0.021243794 0.999655724
1341846340.066044 0.006559358 0.089259021 0.387354761 -0.013182686 0.004697849 0.022436149 0.999650359
1341846340.098009 0.006586218 0.093061700 0.390451610 -0.011881635 0.005443809 0.023074193 0.999648392
1341846340.130102 0.010199849 0.092440590 0.397780448 -0.012639191 0.005069760 0.022317071 0.999658227
1341846340.166041 0.017293235 0.089139871 0.407550752 -0.012077015 0.006747928 0.020802286 0.999687910
1341846340.197867 0.015214531 0.094493791 0.412668496 -0.010098612 0.009573771 0.020026624 0.999702692
1341846340.229904 0.015357715 0.093826391 0.417927921 -0.011872039 0.009543719 0.020151712 0.999680877
1341846340.265859 0.021304054 0.088269301 0.429545641 -0.012942388 0.010221255 0.019420624 0.999675453
1341846340.298061 0.021745263 0.089041762 0.433506489 -0.010825858 0.012651978 0.019823734 0.999664843
1341846340.334063 0.018308485 0.095713809 0.437803686 -0.011226040 0.012256037 0.021454306 0.999631703
1341846340.366064 0.023978144 0.089274302 0.446856111 -0.013375423 0.009896474 0.021200826 0.999636829
1341846340.397995 0.030329419 0.087205149 0.450109720 -0.011810109 0.009841395 0.020891273 0.999663591
1341846340.433895 0.029744064 0.089398459 0.453640103 -0.010997397 0.009805982 0.021807032 0.999653637
1341846340.465959 0.029338662 0.088560492 0.456869274 -0.010482660 0.007647176 0.023308473 0.999644160
1341846340.501858 0.034551613 0.088246807 0.457479984 -0.009738996 0.003911582 0.023449991 0.999669969
1341846340.534329 0.040477373 0.089226782 0.457621813 -0.009144367 0.002146667 0.023614151 0.999677062
1341846340.566041 0.045506831 0.085801743 0.459524155 -0.007925505 0.001114563 0.023778966 0.999685228
1341846340.601909 0.049596902 0.086731203 0.456078559 -0.005322556 0.000375621 0.024404997 0.999687970
1341846340.634005 0.051975392 0.091097474 0.451481283 -0.004116776 -0.000101651 0.023168754 0.999723136
1341846340.666028 0.057391051 0.088205710 0.451582104 -0.004641333 -0.000292738 0.021223789 0.999763966
1341846340.701946 0.060990926 0.085727990 0.449930072 -0.003069306 0.000931597 0.019108232 0.999812305
1341846340.733954 0.062426645 0.090532236 0.445943534 -0.001520700 0.002684717 0.017238457 0.999846697
1341846340.770081 0.061722863 0.091861032 0.447203934 -0.002160733 0.003235610 0.014936304 0.999880910
1341846340.801980 0.067397602 0.088195845 0.436223656 -0.002622539 0.003777839 0.009525043 0.999944091
1341846340.833999 0.067291275 0.092326932 0.438050002 -0.002362965 0.006194395 0.005725181 0.999961615
1341846340.870013 0.063694522 0.090891108 0.439598292 -0.003842341 0.006593961 0.003548396 0.999964654
1341846340.901955 0.066296428 0.086629726 0.439094096 -0.003322695 0.006063920 0.003300616 0.999970734
1341846340.933918 0.064123191 0.086919956 0.435878754 -0.001336019 0.005821846 0.005601309 0.999966502
1341846340.970122 0.061461948 0.088650003 0.430865496 0.000102132 0.003219209 0.010240280 0.999942422
1341846341.001922 0.062067743 0.085674085 0.428145677 0.001039847 -0.000836559 0.015589494 0.999877572
1341846341.037923 0.065373987 0.087841257 0.423552424 0.002641278 -0.003660910 0.018441008 0.999819815
1341846341.070300 0.066214666 0.086644784 0.419618368 0.002895871 -0.004373663 0.018442756 0.999816179
1341846341.102028 0.063069969 0.087223843 0.417266786 0.002997930 -0.005444043 0.018608596 0.999807596
1341846341.137982 0.064478092 0.086020544 0.415137082 0.002892659 -0.007511728 0.018795950 0.999790967
1341846341.170048 0.065247335 0.085644908 0.415913671 0.003592167 -0.007936636 0.019894129 0.999764204
1341846341.202110 0.064645201 0.084201910 0.414321631 0.004963156 -0.008195033 0.021680446 0.999719083
1341846341.237996 0.066718332 0.085055694 0.411006808 0.006804601 -0.008202700 0.022428630 0.999691665
1341846341.269883 0.063786276 0.085565165 0.409010291 0.007944971 -0.007343135 0.022666404 0.999684572
1341846341.306107 0.063280687 0.085926913 0.406998515 0.008656599 -0.007991794 0.021850377 0.999691844
1341846341.338109 0.065154947 0.085447691 0.405135840 0.009306921 -0.007725278 0.020103501 0.999724746
1341846341.370120 0.070381217 0.083549991 0.399901867 0.009208079 -0.007590794 0.018413328 0.999759257
1341846341.406074 0.067024097 0.084042564 0.399844557 0.009281824 -0.006926731 0.017424583 0.999781132
1341846341.438113 0.065739609 0.079221323 0.401162416 0.010039096 -0.008684338 0.017866017 0.999752283
1341846341.470024 0.070819169 0.080867961 0.396827728 0.013005611 -0.009473896 0.016439434 0.999735415
1341846341.506077 0.067273624 0.087265566 0.395442575 0.013518823 -0.008229663 0.015114643 0.999760568
1341846341.538156 0.061982546 0.083161809 0.397833645 0.012304392 -0.009440998 0.015176671 0.999764562
1341846341.574016 0.065138571 0.082425147 0.393235624 0.013133672 -0.011969425 0.016235599 0.999710321
1341846341.612466 0.062901028 0.085103810 0.392502278 0.013928814 -0.012415707 0.016923035 0.999682665
1341846341.643972 0.061444424 0.087218799 0.390965730 0.013259188 -0.013627493 0.015722817 0.999695659
1341846341.679982 0.060159508 0.084205002 0.390531600 0.012689045 -0.014915244 0.016122216 0.999678254
1341846341.712332 0.057688091 0.085733056 0.388055325 0.013608196 -0.016922064 0.019031726 0.999583125
1341846341.744185 0.056391276 0.087269105 0.386843711 0.014348330 -0.018474838 0.020500202 0.999516189
1341846341.780061 0.056943394 0.089240208 0.383997023 0.015022986 -0.019095154 0.021992652 0.999462903
1341846341.842595 0.060215510 0.083520554 0.380438507 0.016780121 -0.020246098 0.026955947 0.999290764
1341846341.906227 0.060220324 0.080122374 0.376488775 0.019912692 -0.020854767 0.032084852 0.999069154
1341846341.942069 0.061052520 0.075452276 0.374713093 0.022801720 -0.020868685 0.033810385 0.998950183
1341846341.974775 0.060969058 0.076937370 0.371458918 0.026418308 -0.020895990 0.035132606 0.998814881
1341846342.010161 0.057848793 0.078732297 0.369809151 0.027263245 -0.021919010 0.037181765 0.998696089
1341846342.042024 0.064265020 0.072033748 0.367904723 0.028245838 -0.023218131 0.037497416 0.998627603
1341846342.080032 0.067019142 0.075638562 0.365028769 0.030762326 -0.021173554 0.037437811 0.998600960
1341846342.112265 0.062166583 0.072661959 0.365047514 0.030845745 -0.019965516 0.039231226 0.998554409
1341846342.147954 0.064144611 0.067168497 0.364793479 0.032607596 -0.021475071 0.041756015 0.998364687
1341846342.179852 0.067552738 0.069304444 0.362297595 0.035733700 -0.021312470 0.043207269 0.998199463
1341846342.211848 0.066110156 0.070492454 0.361109018 0.036419366 -0.020502467 0.043016229 0.998199880
1341846342.247920 0.067233995 0.067402624 0.360950470 0.037244767 -0.020419117 0.041731097 0.998225689
1341846342.279870 0.068109751 0.067210630 0.359449297 0.038796116 -0.019985599 0.042080011 0.998160660
1341846342.316068 0.068080910 0.067342363 0.358045340 0.040147260 -0.019777080 0.043021142 0.998071313
1341846342.347894 0.068897359 0.069655314 0.356042087 0.040751595 -0.019864500 0.043054152 0.998043656
1341846342.379953 0.070875928 0.068668149 0.355748504 0.040727276 -0.019469818 0.043139752 0.998048663
1341846342.416195 0.069014475 0.068642959 0.355032235 0.041314170 -0.019093359 0.044389978 0.997977018
