5.603801459999999679e-01 8.281477620999999623e-01 1.205719977999999970e-02 -1.565039999999999942e+01 -8.275833867999999871e-01 5.593019877999999556e-01 4.782284400000000324e-02 1.798100000000000165e+01 3.286076543000000100e-02 -3.677731053000000278e-02 9.987830592999999979e-01 -9.349520000000000053e-01
5.643438088000000130e-01 8.254585081999999963e-01 1.158950796999999935e-02 -1.529039999999999999e+01 -8.249316113000000339e-01 5.633336220000000338e-01 4.629327107999999663e-02 1.744389999999999930e+01 3.168441497999999884e-02 -3.568587239999999883e-02 9.988606590999999923e-01 -9.057180000000000231e-01
5.655258082999999880e-01 8.246706142999999933e-01 9.946759155000000144e-03 -1.493609999999999971e+01 -8.241467990999999937e-01 5.646306733000000522e-01 4.443260437000000340e-02 1.693449999999999989e+01 3.102601782999999877e-02 -3.332537422000000221e-02 9.989628649999999777e-01 -8.743300000000000516e-01
5.664988514000000031e-01 8.240172314999999470e-01 8.640227014999999830e-03 -1.457709999999999972e+01 -8.235083344000000416e-01 5.657022879999999976e-01 4.260216622000000120e-02 1.641270000000000095e+01 3.021712287000000163e-02 -3.124937719000000017e-02 9.990547542000000059e-01 -8.456679999999999753e-01
5.658569312000000240e-01 8.244709017000000362e-01 7.325687941999999703e-03 -1.422540000000000049e+01 -8.239647361999999919e-01 5.651437626999999964e-01 4.116601668000000047e-02 1.590189999999999948e+01 2.980011604999999869e-02 -2.933018440000000060e-02 9.991254643000000435e-01 -8.155550000000000299e-01
5.639684281000000299e-01 8.257747788000000533e-01 5.968817127000000319e-03 -1.387870000000000026e+01 -8.252861465999999924e-01 5.633512294000000420e-01 3.921949109999999655e-02 1.539000000000000057e+01 2.902392612000000149e-02 -2.704453683000000025e-02 9.992127924999999466e-01 -7.861190000000000122e-01
5.604905260000000444e-01 8.281450433999999472e-01 5.114430197000000185e-03 -1.354320000000000057e+01 -8.276661989000000386e-01 5.599316670999999745e-01 3.801567250000000009e-02 1.488279999999999959e+01 2.861875931999999928e-02 -2.554046528000000066e-02 9.992640548000000233e-01 -7.594570000000000487e-01
5.549409216999999783e-01 8.318784137000000412e-01 4.344919566999999941e-03 -1.321049999999999969e+01 -8.314208067999999674e-01 5.544451765000000254e-01 3.646900363999999728e-02 1.439419999999999966e+01 2.792875720000000117e-02 -2.385059902999999912e-02 9.993253390999999874e-01 -7.352490000000000414e-01
5.486706290999999736e-01 8.360351261999999783e-01 2.410083373000000175e-03 -1.288020000000000032e+01 -8.355912725999999902e-01 5.482804918000000471e-01 3.428888288999999701e-02 1.389460000000000051e+01 2.734530883999999884e-02 -2.082714758000000013e-02 9.994090573999999672e-01 -7.075409999999999755e-01
5.432959272999999811e-01 8.395406967999999859e-01 -9.766207607999999145e-04 -1.258089999999999975e+01 -8.390883143999999794e-01 5.430406473000000123e-01 3.221267022000000313e-02 1.339809999999999945e+01 2.757419237000000023e-02 -1.668154146999999837e-02 9.994805600999999706e-01 -6.797220000000000484e-01
5.376034507000000406e-01 8.431897085999999764e-01 -3.693934676000000181e-03 -1.228589999999999982e+01 -8.427282136000000534e-01 5.374450838000000008e-01 3.101515623000000027e-02 1.293350000000000044e+01 2.813694757000000102e-02 -1.356087203999999970e-02 9.995120884000000538e-01 -6.529899999999999594e-01
5.320410490000000436e-01 8.466987831000000186e-01 -5.787292767999999837e-03 -1.199099999999999966e+01 -8.462319564000000405e-01 5.319545572999999639e-01 3.026259834999999940e-02 1.245640000000000036e+01 2.870188196000000164e-02 -1.120355248999999921e-02 9.995252285000000292e-01 -6.274880000000000457e-01
5.262044549000000071e-01 8.503289697999999452e-01 -7.036672112000000312e-03 -1.171310000000000073e+01 -8.498511090999999462e-01 5.261584301999999713e-01 3.017281335999999828e-02 1.200539999999999985e+01 2.935922164999999959e-02 -9.896945209000000340e-03 9.995199281000000102e-01 -6.053549999999999764e-01
5.206187881999999600e-01 8.537496017000000270e-01 -8.227692478999999379e-03 -1.144630000000000081e+01 -8.532652778000000549e-01 5.206126877000000208e-01 3.001325047999999981e-02 1.155949999999999989e+01 2.990724173999999985e-02 -8.605057786999999181e-03 9.995156375999999510e-01 -5.830969999999999764e-01
5.155330531999999799e-01 8.568170770999999908e-01 -9.495651480000000602e-03 -1.117919999999999980e+01 -8.563425638999999645e-01 5.155729211999999784e-01 2.935943123000000002e-02 1.111810000000000009e+01 3.005136283000000089e-02 -7.004226688999999964e-03 9.995238147999999656e-01 -5.572270000000000278e-01
5.103472323000000088e-01 8.598783119999999780e-01 -1.244954015000000053e-02 -1.093820000000000014e+01 -8.594672808000000108e-01 5.104905326999999993e-01 2.674713395999999896e-02 1.068050000000000033e+01 2.935465278000000053e-02 -2.950353367000000011e-03 9.995647050999999506e-01 -5.354160000000000030e-01
5.046238302000000120e-01 8.632265448999999480e-01 -1.395428764000000016e-02 -1.069059999999999988e+01 -8.628815497999999806e-01 5.048166567999999854e-01 2.440438485999999949e-02 1.027609999999999957e+01 2.811086965999999923e-02 -2.741368096000000153e-04 9.996047738000000127e-01 -5.099150000000000071e-01
4.998776589000000214e-01 8.659827005000000355e-01 -1.401030334999999946e-02 -1.046269999999999989e+01 -8.656835142000000038e-01 5.000734030000000274e-01 2.277377667999999980e-02 9.864660000000000650e+00 2.672787670000000004e-02 7.443864673000000036e-04 9.996424693000000028e-01 -4.884830000000000005e-01
4.950133729000000260e-01 8.688039095999999795e-01 -1.189652738999999980e-02 -1.024460000000000015e+01 -8.685167889999999558e-01 4.951557682000000127e-01 2.234619469999999872e-02 9.475110000000000809e+00 2.530509548000000122e-02 -7.293314352000000072e-04 9.996795088000000051e-01 -4.697930000000000161e-01
4.909576981000000062e-01 8.711181170999999779e-01 -1.066605215000000079e-02 -1.003960000000000008e+01 -8.708487770999999711e-01 4.910716414999999890e-01 2.170369306999999845e-02 9.094699999999999562e+00 2.414427598000000105e-02 -1.367076720999999993e-03 9.997075497999999838e-01 -4.503050000000000108e-01
4.861248360000000046e-01 8.738196991000000136e-01 -1.103527657999999953e-02 -9.834250000000000824e+00 -8.735682134000000154e-01 4.862497572999999740e-01 2.097021636999999925e-02 8.737669999999999604e+00 2.369008871999999863e-02 -5.540761439000000147e-04 9.997191968999999956e-01 -4.310800000000000187e-01
4.818947791000000036e-01 8.761349197000000144e-01 -1.284618210999999982e-02 -9.653000000000000469e+00 -8.759102977999999595e-01 4.820631188999999761e-01 1.990727594000000003e-02 8.397030000000000882e+00 2.363413022000000058e-02 1.658890850999999956e-03 9.997192985999999726e-01 -4.122689999999999966e-01
4.783104859000000264e-01 8.780771126999999954e-01 -1.413022484999999946e-02 -9.482659999999999201e+00 -8.778825427999999986e-01 4.785069784000000048e-01 1.879661486999999881e-02 8.073909999999999698e+00 2.326628851000000012e-02 3.414059723999999813e-03 9.997234738000000398e-01 -3.949380000000000113e-01
4.747578053000000020e-01 8.799830498999999806e-01 -1.532508049000000025e-02 -9.322329999999999117e+00 -8.798038887000000363e-01 4.749812758999999995e-01 1.838219116999999930e-02 7.769759999999999778e+00 2.345514293999999972e-02 4.755976672999999780e-03 9.997135775000000057e-01 -3.810709999999999931e-01
4.714329886999999997e-01 8.817611516000000149e-01 -1.575464017000000050e-02 -9.175430000000000419e+00 -8.815645319999999563e-01 4.716715254000000135e-01 1.923403572000000061e-02 7.486710000000000420e+00 2.439084064999999871e-02 4.821173043000000040e-03 9.996908737999999905e-01 -3.672739999999999894e-01
4.691099905000000181e-01 8.829884868999999803e-01 -1.634468693000000125e-02 -9.037689999999999557e+00 -8.827544725000000536e-01 4.693716455999999981e-01 2.085184954999999909e-02 7.227289999999999992e+00 2.608367568000000136e-02 4.646534546000000328e-03 9.996489642000000453e-01 -3.564160000000000106e-01
4.674780746000000153e-01 8.838476293000000483e-01 -1.666186876000000025e-02 -8.910920000000000840e+00 -8.835466091000000466e-01 4.677595256000000035e-01 2.337553650999999941e-02 6.986430000000000362e+00 2.845416036000000121e-02 3.793986847000000145e-03 9.995878983000000551e-01 -3.445239999999999969e-01
4.670809250999999884e-01 8.840195726999999781e-01 -1.856890967000000142e-02 -8.795439999999999259e+00 -8.836513726000000402e-01 4.674298995999999762e-01 2.587548333000000075e-02 6.748980000000000423e+00 3.155409730000000024e-02 4.322497831000000380e-03 9.994926988000000234e-01 -3.342999999999999861e-01
4.672863463999999967e-01 8.838329563000000277e-01 -2.197215908999999856e-02 -8.673780000000000712e+00 -8.834105523999999932e-01 4.677601109000000257e-01 2.804058633999999967e-02 6.529510000000000147e+00 3.506089389000000001e-02 6.307454062999999847e-03 9.993652734000000315e-01 -3.191100000000000048e-01
4.699153940999999945e-01 8.823585320000000287e-01 -2.495883516999999885e-02 -8.558429999999999538e+00 -8.819378963999999765e-01 4.704993541999999973e-01 2.856404439000000128e-02 6.302839999999999776e+00 3.694684411000000168e-02 8.589458406999999143e-03 9.992803169999999735e-01 -3.046200000000000019e-01
4.745939906000000152e-01 8.798233804999999741e-01 -2.591067605999999857e-02 -8.438950000000000173e+00 -8.794305191000000299e-01 4.752054709999999904e-01 2.795930087999999938e-02 6.080289999999999750e+00 3.691214162999999909e-02 9.517323115000000250e-03 9.992731930999999568e-01 -2.932109999999999994e-01
4.816562019999999777e-01 8.760023322000000112e-01 -2.504430267000000085e-02 -8.306119999999999948e+00 -8.756061443999999527e-01 4.822304739000000118e-01 2.770649568999999923e-02 5.862190000000000012e+00 3.634808077999999998e-02 8.583939817999999833e-03 9.993023231000000006e-01 -2.813880000000000270e-01
4.910442027999999959e-01 8.707943380999999539e-01 -2.434772497999999896e-02 -8.183419999999999916e+00 -8.702896387999999872e-01 4.916069932000000087e-01 3.030691150999999944e-02 5.657180000000000319e+00 3.836059882000000115e-02 6.307539572000000344e-03 9.992440540000000482e-01 -2.720790000000000153e-01
5.021734444000000019e-01 8.643952558999999924e-01 -2.535100180999999911e-02 -8.054600000000000648e+00 -8.637217968999999496e-01 5.027918041000000171e-01 3.442468961000000327e-02 5.450680000000000192e+00 4.250281431999999859e-02 4.609047885000000164e-03 9.990857158000000515e-01 -2.561820000000000208e-01
5.149545156999999485e-01 8.567855134999999844e-01 -2.721085554999999948e-02 -7.932290000000000063e+00 -8.559623255999999625e-01 5.156585409999999703e-01 3.774607574999999660e-02 5.252979999999999983e+00 4.637180096000000085e-02 3.853955046999999867e-03 9.989168148999999497e-01 -2.411560000000000092e-01
5.297737807000000299e-01 8.476551163000000111e-01 -2.864515671000000124e-02 -7.804359999999999964e+00 -8.467608376999999908e-01 5.305357826000000054e-01 3.908794137999999779e-02 5.061510000000000176e+00 4.833037412999999921e-02 3.547830411000000173e-03 9.988251036999999943e-01 -2.280800000000000050e-01
5.459184087999999768e-01 8.373443171000000129e-01 -2.876778727999999841e-02 -7.658960000000000434e+00 -8.364239852000000530e-01 5.466697273999999718e-01 3.933352404999999885e-02 4.872930000000000206e+00 4.866218127000000032e-02 2.589172421999999876e-03 9.988119384000000434e-01 -2.144199999999999995e-01
5.626097820000000027e-01 8.262560705999999477e-01 -2.776938937000000135e-02 -7.521149999999999558e+00 -8.252824985000000169e-01 5.632945752000000361e-01 4.010011529000000186e-02 4.690629999999999633e+00 4.877531008000000196e-02 3.568739171999999881e-04 9.988097124999999465e-01 -2.029269999999999963e-01
5.807442547000000177e-01 8.135779081999999773e-01 -2.875930896000000042e-02 -7.375790000000000290e+00 -8.125256471999999786e-01 5.814555479999999887e-01 4.137050139000000154e-02 4.507869999999999600e+00 5.038038572999999770e-02 -6.580048660000000198e-04 9.987298852999999532e-01 -1.935050000000000103e-01
6.007577818999999542e-01 7.988102522000000150e-01 -3.150029485999999990e-02 -7.218460000000000321e+00 -7.976217580000000140e-01 6.015821453999999902e-01 4.357124603000000346e-02 4.314160000000000217e+00 5.375517299000000249e-02 -1.050444551999999950e-03 9.985535929000000088e-01 -1.813559999999999894e-01
6.211579998999999797e-01 7.828839799000000266e-01 -3.543181068000000183e-02 -7.047039999999999971e+00 -7.815974852999999500e-01 6.221676975000000054e-01 4.486342724000000337e-02 4.114259999999999806e+00 5.716738653999999670e-02 -1.738626043999999884e-04 9.983645925999999893e-01 -1.695129999999999970e-01
6.403831537999999934e-01 7.671179054000000219e-01 -3.794121156000000022e-02 -6.874319999999999986e+00 -7.658008975000000218e-01 6.415060716999999579e-01 4.493267608999999829e-02 3.915519999999999889e+00 5.880817794999999848e-02 2.812850445000000268e-04 9.982692617999999740e-01 -1.524250000000000049e-01
6.617401327999999916e-01 7.489524431999999843e-01 -3.420869144000000112e-02 -6.660639999999999894e+00 -7.475798731999999669e-01 6.626079946999999803e-01 4.555193153999999994e-02 3.702929999999999833e+00 5.678318286000000326e-02 -4.569812018000000281e-03 9.983760749000000212e-01 -1.356070000000000053e-01
6.846475169000000305e-01 7.283449835999999955e-01 -2.777341264000000171e-02 -6.425449999999999662e+00 -7.270424403999999896e-01 6.851306790000000202e-01 4.477993421999999779e-02 3.490510000000000002e+00 5.164365751000000310e-02 -1.046602106999999955e-02 9.986107324999999868e-01 -1.190859999999999974e-01
7.063244992999999639e-01 7.075296374999999749e-01 -2.252806615999999873e-02 -6.188719999999999999e+00 -7.064577684999999718e-01 7.065622971999999669e-01 4.107482694000000323e-02 3.275069999999999926e+00 4.497913960000000239e-02 -1.309702922000000047e-02 9.989020696999999505e-01 -9.931299999999999850e-02
7.265833560000000135e-01 6.867385312999999547e-01 -2.160593511999999924e-02 -5.930139999999999745e+00 -6.859070350000000538e-01 7.268213786999999648e-01 3.552777372000000267e-02 3.043899999999999828e+00 4.010194670000000183e-02 -1.099422616000000040e-02 9.991351064000000282e-01 -7.741670000000000496e-02
7.486784532000000381e-01 6.625952529999999951e-01 -2.116847587999999905e-02 -5.653629999999999711e+00 -6.618652633999999590e-01 7.489029365999999577e-01 3.284455137000000247e-02 2.821569999999999911e+00 3.761577758000000243e-02 -1.057932905000000083e-02 9.992362739000000271e-01 -5.620900000000000202e-02
7.703639499000000113e-01 6.372842820999999880e-01 -2.020219049000000072e-02 -5.361019999999999897e+00 -6.365838838999999805e-01 7.705367129000000315e-01 3.215793546000000197e-02 2.601179999999999826e+00 3.606027626999999680e-02 -1.191292528999999926e-02 9.992786090999999926e-01 -3.957440000000000263e-02
7.910282818999999632e-01 6.115431536000000001e-01 -1.700671848999999944e-02 -5.055600000000000094e+00 -6.108652575999999890e-01 7.910600759000000481e-01 3.267404665999999736e-02 2.390379999999999949e+00 3.343492556000000199e-02 -1.545728151999999946e-02 9.993213587999999481e-01 -2.625330000000000025e-02
8.098864234000000550e-01 5.863851781000000152e-01 -1.537543752999999923e-02 -4.731099999999999639e+00 -5.857880894000000449e-01 8.098732030999999942e-01 3.094687814999999911e-02 2.187269999999999825e+00 3.059894549999999866e-02 -1.605670828999999911e-02 9.994027650000000262e-01 -1.240460000000000000e-02
8.315264115999999595e-01 5.552276160000000349e-01 -1.691511960000000037e-02 -4.387439999999999785e+00 -5.546845295000000231e-01 8.315771673999999836e-01 2.836348501000000161e-02 1.962839999999999918e+00 2.981441740999999854e-02 -1.420243176000000017e-02 9.994545470000000265e-01 5.382750000000000382e-03
8.496012809999999860e-01 5.269892154999999967e-01 -2.144831204000000047e-02 -4.020819999999999617e+00 -5.264819335999999517e-01 8.498112119999999825e-01 2.525227956000000024e-02 1.761549999999999949e+00 3.153469503999999785e-02 -1.016222026999999938e-02 9.994509954000000418e-01 1.967160000000000089e-02
8.684733167999999504e-01 4.951787680999999997e-01 -2.349650015999999939e-02 -3.637750000000000039e+00 -4.947308375000000202e-01 8.687550847999999659e-01 2.249446730000000116e-02 1.561209999999999987e+00 3.155148658999999689e-02 -7.911401421999999378e-03 9.994708167000000421e-01 3.272930000000000283e-02
8.869741935999999605e-01 4.613187669000000102e-01 -2.148895228000000102e-02 -3.207599999999999785e+00 -4.609524400000000188e-01 8.872001092000000311e-01 1.997033773999999998e-02 1.358940000000000037e+00 2.827769239000000115e-02 -7.807789231000000253e-03 9.995696126999999986e-01 4.573320000000000163e-02
9.055827506000000415e-01 4.237958508999999929e-01 -1.780333397999999887e-02 -2.753080000000000194e+00 -4.234467838000000040e-01 9.056921607000000263e-01 2.036004324000000032e-02 1.175559999999999938e+00 2.475284185999999942e-02 -1.089893945000000065e-02 9.996341881000000429e-01 5.571530000000000232e-02
9.218435013000000344e-01 3.872494503999999726e-01 -1.556991572999999983e-02 -2.305880000000000152e+00 -3.869152985000000045e-01 9.218819713000000471e-01 2.074084735999999832e-02 9.937730000000000175e-01 2.238550633999999984e-02 -1.309557675999999983e-02 9.996636409000000389e-01 6.148979999999999724e-02
9.358943054999999678e-01 3.520265901999999891e-01 -1.338389662000000029e-02 -1.814850000000000074e+00 -3.518282461000000194e-01 9.359422701999999816e-01 1.513116571000000000e-02 8.161380000000000301e-01 1.785312726000000058e-02 -9.452338948999999477e-03 9.997959387000000531e-01 7.538029999999999731e-02
9.470418999999999921e-01 3.208680291000000073e-01 -1.246384726999999991e-02 -1.304019999999999957e+00 -3.207980000999999803e-01 9.471193819000000014e-01 7.315703984999999757e-03 6.397580000000000489e-01 1.415212683999999936e-02 -2.929900923999999816e-03 9.998955609999999883e-01 8.684830000000000327e-02
9.593752288000000350e-01 2.818462652000000013e-01 -1.272215384999999914e-02 -7.759300000000000086e-01 -2.818906829999999752e-01 9.594448265999999670e-01 -1.807665574000000058e-03 4.763569999999999749e-01 1.169672090000000060e-02 5.320486210000000167e-03 9.999174361999999538e-01 1.035729999999999984e-01
9.699173849000000125e-01 2.430460789999999982e-01 -1.374299929999999934e-02 -2.109169999999999934e-01 -2.431657930999999995e-01 9.699532631999999710e-01 -7.814357908999999477e-03 3.279110000000000080e-01 1.143081796999999983e-02 1.092110890999999952e-02 9.998750251000000366e-01 1.096239999999999992e-01
9.792426296999999780e-01 2.021810283999999902e-01 -1.437720489999999920e-02 3.684330000000000105e-01 -2.023217855999999981e-01 9.792767499000000209e-01 -9.107261469000000470e-03 2.139790000000000025e-01 1.223794700000000076e-02 1.182704044000000045e-02 9.998551664000000505e-01 1.182480000000000059e-01
9.863174491999999738e-01 1.641870017000000015e-01 -1.484984091000000027e-02 9.872039999999999704e-01 -1.643199445000000092e-01 9.863728669000000338e-01 -8.217257627999999606e-03 1.262719999999999954e-01 1.329831325999999980e-02 1.054494962000000063e-02 9.998559690999999638e-01 1.172730000000000022e-01
9.914145036999999494e-01 1.297659555000000020e-01 -1.606482927000000074e-02 1.602600000000000025e+00 -1.298996937999999934e-01 9.914981851999999929e-01 -7.577486912000000290e-03 3.659140000000000309e-02 1.494494923999999982e-02 9.599246828999999370e-03 9.998422390000000215e-01 1.328550000000000009e-01
9.949527051000000011e-01 9.884536491999999785e-02 -1.728318288999999841e-02 2.254379999999999828e+00 -9.899525963999999956e-02 9.950554102999999984e-01 -8.041703007000000278e-03 -2.470819999999999961e-02 1.640283957999999834e-02 9.712067338000000827e-03 9.998182947999999515e-01 1.402750000000000108e-01
9.973081472999999475e-01 7.133423384999999783e-02 -1.696721347999999990e-02 2.936749999999999972e+00 -7.152860156000000191e-02 9.973763619000000080e-01 -1.113786119000000074e-02 -7.213840000000000530e-02 1.612818686000000099e-02 1.232152075999999943e-02 9.997940095999999777e-01 1.535009999999999986e-01
9.988295243999999462e-01 4.537496632000000141e-02 -1.675391604000000048e-02 3.644039999999999946e+00 -4.558302563999999668e-02 9.988854088999999936e-01 -1.225265985000000002e-02 -1.040459999999999996e-01 1.617927825000000167e-02 1.300201259999999963e-02 9.997845660999999939e-01 1.659789999999999877e-01
9.995859073999999733e-01 2.301599962000000152e-02 -1.727071103000000010e-02 4.359980000000000189e+00 -2.321840811000000157e-02 9.996629743999999596e-01 -1.161219653999999955e-02 -1.143350000000000061e-01 1.699762405000000004e-02 1.200838643999999934e-02 9.997834163000000052e-01 1.811339999999999895e-01
9.998586377999999497e-01 2.660408404000000077e-03 -1.660200708000000164e-02 5.111180000000000057e+00 -2.824812479000000150e-03 9.999471316000000387e-01 -9.887081920000000482e-03 -1.076980000000000021e-01 1.657482567999999865e-02 9.932581816999999993e-03 9.998132921000000284e-01 1.935010000000000063e-01
9.997544010000000148e-01 -1.670463334000000036e-02 -1.456340801999999983e-02 5.860260000000000247e+00 1.659830124999999920e-02 9.998349145999999577e-01 -7.391877092999999885e-03 -1.030449999999999977e-01 1.468448240999999967e-02 7.148333821999999955e-03 9.998666247999999923e-01 2.094820000000000015e-01
9.994605474000000100e-01 -3.067295855000000057e-02 -1.173813215000000035e-02 6.660910000000000331e+00 3.059848410000000005e-02 9.995107998000000160e-01 -6.472551691999999836e-03 -7.221370000000000566e-02 1.193092215999999942e-02 6.109891006999999645e-03 9.999101570999999744e-01 2.272009999999999863e-01
9.992010714000000293e-01 -3.842421622000000148e-02 -1.099084252000000032e-02 7.445319999999999716e+00 3.839996113000000016e-02 9.992595444999999854e-01 -2.409505317000000188e-03 -3.595659999999999829e-02 1.107528764999999964e-02 1.985532368000000186e-03 9.999366957999999972e-01 2.371790000000000009e-01
9.989287382999999521e-01 -4.429372605000000268e-02 -1.339558276000000006e-02 8.232670000000000599e+00 4.434400027999999688e-02 9.990102616999999574e-01 3.479460191999999858e-03 7.246579999999999862e-03 1.322820639000000034e-02 -4.069746505000000104e-03 9.999042213000000068e-01 2.516709999999999781e-01
9.988397816999999845e-01 -4.578317244999999952e-02 -1.493290704000000031e-02 9.069570000000000576e+00 4.585516147000000264e-02 9.989378980999999991e-01 4.514420300999999990e-03 4.971529999999999699e-02 1.471036229000000084e-02 -5.193933450999999903e-03 9.998783066999999969e-01 2.622030000000000194e-01
9.987520757000000193e-01 -4.778230204000000203e-02 -1.453075537000000049e-02 9.905079999999999885e+00 4.781701412000000095e-02 9.988540071999999492e-01 2.050701655999999807e-03 8.445700000000000429e-02 1.441611599000000056e-02 -2.742959871000000098e-03 9.998923200999999539e-01 2.797669999999999879e-01
9.987313977999999759e-01 -4.878127170000000346e-02 -1.248929717999999918e-02 1.077519999999999989e+01 4.878335060999999806e-02 9.988093740000000276e-01 -1.383188521000000017e-04 1.265439999999999898e-01 1.248117445999999929e-02 -4.711263826000000100e-04 9.999219960999999879e-01 2.943279999999999785e-01
9.987242066999999501e-01 -4.891213644999999749e-02 -1.255236132999999928e-02 1.165380000000000038e+01 4.893019114000000253e-02 9.988015557999999627e-01 1.135112637000000027e-03 1.705149999999999999e-01 1.248179724000000011e-02 -1.747853907000000012e-03 9.999205717000000382e-01 3.095430000000000126e-01
9.986901811999999712e-01 -4.857555449999999969e-02 -1.607287912999999860e-02 1.256080000000000041e+01 4.864596376000000083e-02 9.988079991999999629e-01 4.018817323999999622e-03 2.184699999999999975e-01 1.585850395999999912e-02 -4.795434097000000374e-03 9.998627463999999465e-01 3.248219999999999996e-01
9.986004796999999877e-01 -4.960971143000000166e-02 -1.832916822000000071e-02 1.345550000000000068e+01 4.973336264000000062e-02 9.987423265000000550e-01 6.352780324000000152e-03 2.653320000000000123e-01 1.799095650999999949e-02 -7.255460648999999609e-03 9.998118242000000322e-01 3.416569999999999885e-01
9.984619005999999519e-01 -5.193913391999999823e-02 -1.939483121000000129e-02 1.437640000000000029e+01 5.215121444999999689e-02 9.985830075999999611e-01 1.059375694000000076e-02 3.201220000000000176e-01 1.881711831999999945e-02 -1.158892668999999924e-02 9.997557766000000345e-01 3.565699999999999981e-01
9.985054719000000523e-01 -5.175206171999999910e-02 -1.756549681999999835e-02 1.532360000000000078e+01 5.194357402000000096e-02 9.985934749000000554e-01 1.062718277000000017e-02 3.762329999999999841e-01 1.699081188999999881e-02 -1.152371483000000016e-02 9.997892359000000173e-01 3.775120000000000142e-01
9.984406832000000120e-01 -5.371889324999999660e-02 -1.518165624000000075e-02 1.627599999999999980e+01 5.384966838000000006e-02 9.985142219000000541e-01 8.340381125000000812e-03 4.243149999999999977e-01 1.471106363000000000e-02 -9.144902983000000735e-03 9.998499664000000120e-01 4.026100000000000234e-01
9.983162934000000543e-01 -5.629072548999999870e-02 -1.399758790999999954e-02 1.723400000000000176e+01 5.640720052999999984e-02 9.983752310000000296e-01 8.070053428000000667e-03 4.809789999999999899e-01 1.352057589999999983e-02 -8.846030573999999827e-03 9.998694623999999642e-01 4.177939999999999987e-01
9.980889697000000504e-01 -6.004110230999999687e-02 -1.461076671999999958e-02 1.821089999999999876e+01 6.014306721999999883e-02 9.981676688999999714e-01 6.642010452999999766e-03 5.380979999999999652e-01 1.418520132999999926e-02 -7.508053695000000034e-03 9.998711962999999869e-01 4.417780000000000040e-01
9.978643579999999513e-01 -6.357117270999999847e-02 -1.501429129999999959e-02 1.919470000000000098e+01 6.364640888000000496e-02 9.979619704000000091e-01 4.586973971000000289e-03 5.956679999999999753e-01 1.469209242000000040e-02 -5.532783561000000246e-03 9.998767577999999601e-01 4.649550000000000072e-01
9.976381498999999931e-01 -6.697974802999999422e-02 -1.522613421000000057e-02 2.018850000000000122e+01 6.703714824999999766e-02 9.977450536999999953e-01 3.290675126000000214e-03 6.643550000000000288e-01 1.497139150999999939e-02 -4.303619661000000242e-03 9.998786607999999854e-01 4.835709999999999731e-01
9.972505739999999452e-01 -7.305030379000000684e-02 -1.244771765000000051e-02 2.120820000000000149e+01 7.309408331000000203e-02 9.973202362999999959e-01 3.098584073999999852e-03 7.380959999999999743e-01 1.218800819999999938e-02 -3.999919256999999624e-03 9.999177232000000526e-01 5.007139999999999924e-01
9.971189458000000450e-01 -7.532240192000000389e-02 -8.963461487000000047e-03 2.224380000000000024e+01 7.534728419000000232e-02 9.971542916000000201e-01 2.470949260999999886e-03 8.120199999999999640e-01 8.751836254999999232e-03 -3.139202802000000056e-03 9.999567743999999703e-01 5.184490000000000487e-01
9.969814784999999624e-01 -7.747044584999999983e-02 -5.124611763000000257e-03 2.326960000000000051e+01 7.748282270999999610e-02 9.969911207999999636e-01 2.262121974000000195e-03 8.980970000000000342e-01 4.933944826999999735e-03 -2.652363095000000084e-03 9.999843105000000287e-01 5.319279999999999564e-01
9.967055769999999537e-01 -8.103430477999999659e-02 -3.381461832999999809e-03 2.432319999999999993e+01 8.104423569999999466e-02 9.967062546999999606e-01 2.910957622000000158e-03 9.811220000000000496e-01 3.134436732000000104e-03 -3.175415685999999869e-03 9.999900459999999658e-01 5.443200000000000260e-01
9.963131647999999840e-01 -8.551944692000000570e-02 -6.819226402999999971e-03 2.537470000000000070e+01 8.554704208999999726e-02 9.963266447999999942e-01 3.862700222000000141e-03 1.067790000000000017e+00 6.463840975999999780e-03 -4.431823730999999780e-03 9.999692883999999893e-01 5.575179999999999580e-01
9.963093043999999843e-01 -8.495817443000000524e-02 -1.224248652000000000e-02 2.641730000000000089e+01 8.503198278000000110e-02 9.963622646999999999e-01 5.639094865999999887e-03 1.153389999999999915e+00 1.171886439000000002e-02 -6.659285586999999854e-03 9.999091569000000401e-01 5.674890000000000212e-01
9.960300149999999908e-01 -8.780206169000000227e-02 -1.466312340000000027e-02 2.749159999999999826e+01 8.788496064999999635e-02 9.961175392000000128e-01 5.107032289999999773e-03 1.252930000000000099e+00 1.415778644000000031e-02 -6.375425472000000385e-03 9.998794482999999733e-01 5.834759999999999946e-01
9.959721414000000106e-01 -8.907544438999999425e-02 -1.024981607000000072e-02 2.857059999999999889e+01 8.911963773000000644e-02 9.960131438999999531e-01 3.937926698000000260e-03 1.348649999999999904e+00 9.858178960000000060e-03 -4.835525180999999950e-03 9.999397152000000233e-01 6.042539999999999578e-01
9.959164710000000253e-01 -9.018346794999999860e-02 -4.162329547000000185e-03 2.965490000000000137e+01 9.018932571000000398e-02 9.959238647999999472e-01 1.241379311999999974e-03 1.449279999999999902e+00 4.033411437000000190e-03 -1.611707799000000043e-03 9.999905669999999969e-01 6.173340000000000494e-01
9.957761321000000443e-01 -9.180251228999999902e-02 -1.481043234999999958e-03 3.074139999999999873e+01 9.179581971000000395e-02 9.957694652999999896e-01 -4.086499914000000198e-03 1.537239999999999940e+00 1.849928588000000068e-03 3.933285501000000073e-03 9.999905534999999901e-01 6.430409999999999737e-01
9.957077483999999812e-01 -9.244539817999999909e-02 -4.464085991000000392e-03 3.183559999999999945e+01 9.241275246999999804e-02 9.956959216999999862e-01 -7.036662818000000152e-03 1.631059999999999954e+00 5.095379312000000195e-03 6.593921217000000418e-03 9.999652781000000212e-01 6.570240000000000524e-01
9.955762816000000015e-01 -9.350930984999999973e-02 -9.158411392000000151e-03 3.289670000000000272e+01 9.345761135999999802e-02 9.956056597000000341e-01 -5.919903974000000242e-03 1.732369999999999965e+00 9.671732351000000491e-03 5.037792733000000245e-03 9.999405373999999957e-01 6.724290000000000544e-01
9.957095518999999895e-01 -9.182006392000000017e-02 -1.147014051999999985e-02 3.397769999999999868e+01 9.177596574000000673e-02 9.957703328000000464e-01 -4.314670831999999762e-03 1.835239999999999982e+00 1.181779898999999953e-02 3.243475737000000095e-03 9.999249069000000212e-01 6.897419999999999662e-01
9.957935125000000331e-01 -9.105231829000000332e-02 -1.023503247999999963e-02 3.508959999999999724e+01 9.104462437999999436e-02 9.958460711000000076e-01 -1.216130438999999926e-03 1.939810000000000034e+00 1.030324837999999944e-02 2.791701128999999758e-04 9.999468811999999707e-01 7.114690000000000181e-01
9.959551083000000027e-01 -8.942188802999999353e-02 -8.783401200000000644e-03 3.618209999999999837e+01 8.944565195999999718e-02 9.959889315000000076e-01 2.350259797999999789e-03 2.044059999999999988e+00 8.538005708000000193e-03 -3.126390297999999835e-03 9.999586632000000419e-01 7.313499999999999446e-01
9.960932541999999446e-01 -8.804981645999999940e-02 -6.742308142000000108e-03 3.727329999999999899e+01 8.807289748999999612e-02 9.961088728000000447e-01 3.205970733999999930e-03 2.143549999999999844e+00 6.433787829000000430e-03 -3.787260435000000189e-03 9.999721311000000501e-01 7.523260000000000502e-01
9.962516379000000422e-01 -8.641627251000000287e-02 -3.860291955000000157e-03 3.839020000000000010e+01 8.642925243000000590e-02 9.962524176999999481e-01 3.332361007999999798e-03 2.242550000000000043e+00 3.557854976000000054e-03 -3.653512260000000081e-03 9.999869967000000193e-01 7.703790000000000360e-01
9.963315471999999451e-01 -8.557333546999999763e-02 -8.076082185999999960e-04 3.950079999999999814e+01 8.557714588999999761e-02 9.962881340999999447e-01 9.300860201999999397e-03 2.354750000000000121e+00 8.704854953999999307e-06 -9.335853241999999760e-03 9.999564198999999487e-01 7.815990000000000437e-01
9.965174086000000431e-01 -8.338116281999999324e-02 -7.974630156999999936e-04 4.061050000000000182e+01 8.338469788999999799e-02 9.964437986999999941e-01 1.211396508999999962e-02 2.449730000000000185e+00 -2.154494184999999982e-04 -1.213827330999999940e-02 9.999263052000000318e-01 7.951960000000000139e-01
9.965878049999999932e-01 -8.248739684000000461e-02 -2.928543153999999850e-03 4.174369999999999692e+01 8.251735960999999342e-02 9.965140400999999981e-01 1.227409091000000035e-02 2.548610000000000042e+00 1.905876562000000064e-03 -1.247386496999999990e-02 9.999203819999999965e-01 8.102289999999999770e-01
9.968023539999999461e-01 -7.962343769999999377e-02 -6.721254454000000211e-03 4.283930000000000149e+01 7.972502304999999623e-02 9.966800917000000481e-01 1.651409733999999879e-02 2.642970000000000041e+00 5.384031305000000142e-03 -1.699714325999999998e-02 9.998410420000000132e-01 8.207349999999999923e-01
9.968890304999999952e-01 -7.855335414000000349e-02 -6.452242627000000057e-03 4.398020000000000351e+01 7.864468873999999610e-02 9.967838849000000279e-01 1.539154795999999985e-02 2.733859999999999957e+00 5.222433755000000302e-03 -1.585109993999999842e-02 9.998607246999999809e-01 8.370490000000000430e-01
9.971132136000000479e-01 -7.577929871999999900e-02 -4.768352289999999716e-03 4.508650000000000091e+01 7.584346157000000643e-02 9.970047845999999714e-01 1.514030222999999953e-02 2.818239999999999856e+00 3.606748562999999817e-03 -1.545824374999999959e-02 9.998740091000000163e-01 8.497799999999999798e-01
9.973197531999999921e-01 -7.298105300000000406e-02 -5.203433559000000298e-03 4.621430000000000149e+01 7.304914368999999852e-02 9.972245906000000160e-01 1.438535732999999921e-02 2.904959999999999987e+00 4.139133375000000371e-03 -1.472690737999999937e-02 9.998829860000000291e-01 8.709759999999999724e-01
9.974526600999999992e-01 -7.063909788000000134e-02 -9.915079692999999653e-03 4.735779999999999745e+01 7.079759062000000325e-02 9.973514796000000349e-01 1.666515148000000113e-02 2.994479999999999809e+00 8.711608134999999919e-03 -1.732466343000000145e-02 9.998119642999999668e-01 8.819479999999999542e-01
9.974060491999999778e-01 -7.073386926999999935e-02 -1.333764720999999938e-02 4.848100000000000165e+01 7.094419215000000167e-02 9.973516900000000129e-01 1.601649368000000045e-02 3.078479999999999883e+00 1.216941642000000066e-02 -1.692117628999999929e-02 9.997827660000000449e-01 9.041799999999999837e-01
9.974102792000000273e-01 -7.089994031999999335e-02 -1.208029262999999950e-02 4.961160000000000281e+01 7.106937311000000035e-02 9.973699227000000223e-01 1.422608554999999983e-02 3.148930000000000007e+00 1.103989191000000029e-02 -1.504778277999999948e-02 9.998258273000000251e-01 9.259180000000000188e-01
9.974574527999999773e-01 -7.069316541999999537e-02 -9.005897377999999912e-03 5.077089999999999748e+01 7.078788923999999871e-02 9.974342887999999574e-01 1.067306412000000072e-02 3.230999999999999872e+00 8.228278158999999259e-03 -1.128343581000000075e-02 9.999024850000000075e-01 9.504200000000000426e-01
9.975413254999999646e-01 -6.971363412000000648e-02 -7.163321464999999715e-03 5.190220000000000056e+01 6.976792184999999757e-02 9.975340650999999781e-01 7.630594842999999759e-03 3.308530000000000193e+00 6.613700682999999574e-03 -8.111603745999999837e-03 9.999452289000000382e-01 9.701610000000000511e-01
9.975602720999999784e-01 -6.940407391000000259e-02 -7.521843248999999718e-03 5.305129999999999768e+01 6.942696269999999725e-02 9.975830357999999620e-01 2.825510498000000006e-03 3.385940000000000172e+00 7.307561284000000344e-03 -3.340835751999999929e-03 9.999677187000000078e-01 9.945669999999999789e-01
9.975541860000000094e-01 -6.949149039999999444e-02 -7.521887355000000421e-03 5.423769999999999669e+01 6.950811634999999600e-02 9.975794376000000074e-01 1.971647858000000024e-03 3.462390000000000079e+00 7.366667409000000021e-03 -2.489657795000000014e-03 9.999697665000000235e-01 1.012499999999999956e+00
9.975922936000000130e-01 -6.921520006999999641e-02 -4.344177718000000014e-03 5.538539999999999708e+01 6.920411318999999950e-02 9.975989943999999943e-01 -2.652743601000000142e-03 3.530930000000000124e+00 4.517357502999999781e-03 2.345721606000000011e-03 9.999870454999999492e-01 1.031660000000000021e+00
9.976186013000000186e-01 -6.894736854999999887e-02 1.840293850000000080e-03 5.658409999999999940e+01 6.895675034999999842e-02 9.976036796999999678e-01 -5.644892591999999681e-03 3.609980000000000189e+00 -1.446683426000000073e-03 5.758350536000000214e-03 9.999823741000000155e-01 1.049050000000000038e+00
9.976504416999999458e-01 -6.843162023000000371e-02 3.272528024000000146e-03 5.772919999999999874e+01 6.844937326000000155e-02 9.976385286000000185e-01 -5.661236776000000415e-03 3.684520000000000017e+00 -2.877392437999999868e-03 5.871937861999999841e-03 9.999786202999999540e-01 1.058370000000000033e+00
9.976645781999999851e-01 -6.825756763000000171e-02 -2.508774887999999995e-03 5.890339999999999776e+01 6.824808981999999635e-02 9.976615675000000127e-01 -3.687128391000000192e-03 3.769449999999999967e+00 2.754582703000000004e-03 3.507298296999999954e-03 9.999900554999999747e-01 1.070340000000000069e+00
9.976061199000000324e-01 -6.822199058000000260e-02 -1.130440666000000031e-02 6.008859999999999957e+01 6.822352478000000275e-02 9.976700295999999524e-01 -2.503024157999999980e-04 3.856549999999999923e+00 1.129514386000000058e-02 -5.215232463999999865e-04 9.999360717999999926e-01 1.087069999999999981e+00
9.975298290999999873e-01 -6.848867498999999803e-02 -1.560581741000000022e-02 6.125280000000000058e+01 6.858750409000000103e-02 9.976277317999999728e-01 5.887531700999999902e-03 3.951560000000000183e+00 1.516556697999999967e-02 -6.943352556000000238e-03 9.998608879999999477e-01 1.110670000000000046e+00
9.975830838999999450e-01 -6.794709958000000327e-02 -1.453211320000000022e-02 6.244570000000000221e+01 6.806071976999999995e-02 9.976532014000000226e-01 7.471818039000000140e-03 4.039069999999999716e+00 1.399032090000000041e-02 -8.442825366000000428e-03 9.998664859000000460e-01 1.137420000000000098e+00
9.975880711000000289e-01 -6.828635987999999435e-02 -1.245043678000000084e-02 6.365460000000000207e+01 6.839572128000000195e-02 9.976213765000000455e-01 8.579885871000000191e-03 4.124439999999999884e+00 1.183493270999999916e-02 -9.410748400000000166e-03 9.998856795999999658e-01 1.163070000000000048e+00
9.976048578999999750e-01 -6.851744093999999341e-02 -9.481969031999999686e-03 6.482410000000000139e+01 6.859354065999999361e-02 9.976130334999999683e-01 7.947429415000000288e-03 4.209859999999999935e+00 8.914798364000000100e-03 -8.578796019999999564e-03 9.999234623999999627e-01 1.189109999999999889e+00
9.976801556000000071e-01 -6.763474759000000225e-02 -7.736152635999999673e-03 6.600740000000000407e+01 6.769216919999999915e-02 9.976786758000000255e-01 7.418220312999999726e-03 4.286579999999999835e+00 7.216465059999999793e-03 -7.924688149000000750e-03 9.999425592999999779e-01 1.213400000000000034e+00
9.976962638999999911e-01 -6.754017756999999844e-02 -6.363131927999999930e-03 6.722780000000000200e+01 6.758737684000000467e-02 9.976850193999999838e-01 7.519880020999999970e-03 4.371870000000000367e+00 5.840507368999999817e-03 -7.932623596999999541e-03 9.999514797999999871e-01 1.240169999999999995e+00
9.976322730000000139e-01 -6.868748372999999852e-02 -3.446363054999999811e-03 6.838599999999999568e+01 6.871602078999999863e-02 9.975957695999999597e-01 8.988263066000000412e-03 4.464089999999999669e+00 2.820696031000000017e-03 -9.203801668000000102e-03 9.999536658000000022e-01 1.256459999999999910e+00
9.976216913000000019e-01 -6.892721076999999696e-02 2.737081217999999861e-05 6.960240000000000293e+01 6.892419181999999422e-02 9.975815588999999983e-01 8.971571237999999282e-03 4.548569999999999780e+00 -6.456899992000000475e-04 -8.948347561000000519e-03 9.999597542999999478e-01 1.273419999999999996e+00
9.976063517000000047e-01 -6.892400481999999551e-02 -5.572127211000000094e-03 7.074989999999999668e+01 6.897946982000000005e-02 9.975632004000000164e-01 1.046393850999999958e-02 4.633639999999999759e+00 4.837332504999999894e-03 -1.082325389999999957e-02 9.999297261999999797e-01 1.289069999999999938e+00
9.975140838999999593e-01 -6.889054010999999533e-02 -1.482382760999999965e-02 7.191400000000000148e+01 6.904996550000000455e-02 9.975576771999999925e-01 1.052534574999999979e-02 4.713379999999999903e+00 1.406252627999999942e-02 -1.152276539999999919e-02 9.998347220000000091e-01 1.313970000000000082e+00
9.974550703000000240e-01 -6.873336608999999764e-02 -1.895012177000000159e-02 7.309080000000000155e+01 6.895179369999999974e-02 9.975579730000000422e-01 1.112387976999999924e-02 4.793090000000000295e+00 1.813926336000000125e-02 -1.240221516999999961e-02 9.997585468999999891e-01 1.339909999999999934e+00
9.974297095999999918e-01 -6.895416628999999353e-02 -1.947556018000000042e-02 7.422360000000000468e+01 6.911105979999999926e-02 9.975807768000000131e-01 7.500350644000000275e-03 4.871789999999999843e+00 1.891126401999999873e-02 -8.827049167999999335e-03 9.997821998999999460e-01 1.371660000000000101e+00
9.973685118999999766e-01 -6.925288743999999386e-02 -2.144968812000000100e-02 7.537999999999999545e+01 6.927304720000000693e-02 9.975977175000000363e-01 1.973717235999999920e-04 4.941530000000000200e+00 2.138449133999999890e-02 -1.682737599999999892e-03 9.997699094999999980e-01 1.418190000000000062e+00
9.974626777999999749e-01 -6.753891670999999375e-02 -2.251002317000000072e-02 7.657049999999999557e+01 6.758242637000000386e-02 9.977130000999999693e-01 1.176931938999999918e-03 5.023380000000000400e+00 2.237905403999999876e-02 -2.695227667000000063e-03 9.997459246000000022e-01 1.452390000000000070e+00
9.975661112000000497e-01 -6.746436269000000152e-02 -1.761855626999999855e-02 7.772220000000000084e+01 6.737308088000000528e-02 9.977114283000000361e-01 -5.724837542000000418e-03 5.093630000000000102e+00 1.796445744999999872e-02 4.523887507999999578e-03 9.998283916000000326e-01 1.483130000000000059e+00
9.977093901000000375e-01 -6.688632858000000125e-02 -1.010900265000000062e-02 7.889360000000000639e+01 6.681911582999999766e-02 9.977416135000000130e-01 -6.846777673999999980e-03 5.167349999999999888e+00 1.054412843000000072e-02 6.155619759000000198e-03 9.999254620999999954e-01 1.520659999999999901e+00
9.978442724999999625e-01 -6.538005098999999376e-02 -5.679504654999999701e-03 8.007240000000000180e+01 6.535396202000000321e-02 9.978512453000000226e-01 -4.663894015999999962e-03 5.251559999999999562e+00 5.972226421000000236e-03 4.282661800000000379e-03 9.999729952999999449e-01 1.548110000000000097e+00
9.979067387000000178e-01 -6.462375632000000314e-02 -2.431253135999999863e-03 8.122169999999999845e+01 6.461932398000000410e-02 9.979082548000000052e-01 -1.859551058000000071e-03 5.338429999999999787e+00 2.546338748000000034e-03 1.698552597000000091e-03 9.999953154999999816e-01 1.570049999999999946e+00
9.979836748000000535e-01 -6.346989476000000630e-02 -3.965610946999999849e-04 8.238599999999999568e+01 6.347047732999999692e-02 9.979822892999999917e-01 1.687849836000000076e-03 5.415199999999999569e+00 2.886332975999999812e-04 -1.709616503999999895e-03 9.999984968999999779e-01 1.591949999999999976e+00
9.980163342000000215e-01 -6.292499303000000099e-02 -1.960083641000000092e-03 8.352009999999999934e+01 6.293553114000000059e-02 9.980002633000000234e-01 5.881618530999999962e-03 5.499729999999999563e+00 1.586063184000000102e-03 -5.993310269999999745e-03 9.999807820999999652e-01 1.606719999999999926e+00
